40 0.207227 0.222137 0.172566 0.287444
40 0.078171 0.423348 0.126844 0.249118
40 0.238201 0.474449 0.131268 0.281057
40 0.306785 0.429736 0.109145 0.210792
40 0.311947 0.536729 0.054572 0.124559
40 0.247050 0.581443 0.116519 0.252312
10 0.512537 0.252479 0.134218 0.143722
10 0.595870 0.364262 0.135693 0.201211
10 0.490413 0.429736 0.125369 0.178854
10 0.547935 0.578249 0.113569 0.207599
10 0.661504 0.530341 0.101770 0.188436
10 0.629056 0.781057 0.148968 0.242731
10 0.472714 0.741134 0.137168 0.220374
10 0.382743 0.674063 0.125369 0.188436
10 0.421829 0.559086 0.097345 0.207599
5 0.888643 0.286014 0.222714 0.146916
5 0.866519 0.300386 0.266962 0.201211
5 0.846608 0.393007 0.306784 0.162885
5 0.147291 0.704405 0.073343 0.376871
5 0.039086 0.852918 0.078171 0.265087
5 0.041298 0.750715 0.082596 0.239537
5 0.089233 0.896916 0.095870 0.206168
20 0.293510 0.872962 0.144543 0.254075
2 0.534198 0.150163 0.037736 0.089374
2 0.536557 0.464250 0.044811 0.099589
2 0.129717 0.962583 0.051887 0.074833
20 0.804835 0.603419 0.130896 0.357498
20 0.925708 0.695347 0.148584 0.112356
20 0.924528 0.814087 0.150943 0.125124
20 0.943396 0.540857 0.099057 0.155767
20 0.719929 0.602142 0.071934 0.268123
8 0.056014 0.238261 0.095519 0.148106