1 0.158555 0.175827 0.045723 0.079846
1 0.181416 0.140695 0.038348 0.067070
1 0.216077 0.155067 0.045723 0.089427
1 0.213864 0.198184 0.029499 0.079846
1 0.250737 0.153470 0.032448 0.067070
1 0.264012 0.102369 0.050147 0.047907
1 0.323009 0.064043 0.026549 0.041520
1 0.332596 0.100772 0.045723 0.070264
1 0.278024 0.150276 0.045723 0.054295
1 0.174041 0.562280 0.041298 0.067070
1 0.171829 0.496806 0.033923 0.051101
1 0.176254 0.440914 0.030973 0.079846
1 0.199115 0.484031 0.023599 0.044714
1 0.221239 0.549504 0.032448 0.067070
1 0.230826 0.579846 0.036873 0.044714
1 0.237463 0.600605 0.044248 0.067070
1 0.273599 0.805010 0.019174 0.079846
1 0.266962 0.760297 0.029499 0.047907
1 0.264012 0.713986 0.041298 0.051101
1 0.276549 0.683645 0.030973 0.047907
1 0.269912 0.645319 0.023599 0.060683
1 0.275811 0.571861 0.029499 0.079846
1 0.300885 0.606993 0.032448 0.092621
1 0.299410 0.691630 0.035398 0.051101
1 0.328171 0.688436 0.033923 0.076652
1 0.355457 0.741134 0.035398 0.067070
1 0.386431 0.805010 0.017699 0.099009
1 0.224926 0.492015 0.028024 0.054295
1 0.236726 0.393007 0.033923 0.047907
1 0.270649 0.388216 0.036873 0.051101
1 0.285398 0.333921 0.019174 0.025551
1 0.302360 0.292401 0.035398 0.057489
1 0.336283 0.298789 0.035398 0.057489
1 0.342920 0.258866 0.048673 0.047907
1 0.371681 0.218943 0.023599 0.025551
1 0.324484 0.193393 0.067847 0.051101
1 0.254425 0.364262 0.019174 0.009581
1 0.229351 0.375441 0.042773 0.006388
1 0.201327 0.396201 0.028024 0.073458
1 0.255162 0.327533 0.032448 0.031938
1 0.270649 0.300386 0.022124 0.041520
1 0.266224 0.450496 0.060472 0.079846
1 0.282448 0.474449 0.051622 0.051101
1 0.293510 0.452093 0.029499 0.063877
1 0.375369 0.193393 0.036873 0.070264
1 0.396755 0.182214 0.041298 0.041520
1 0.435103 0.185408 0.026549 0.041520
1 0.454277 0.196587 0.032448 0.044714
1 0.480826 0.206168 0.023599 0.044714
1 0.502212 0.233316 0.030973 0.047907
1 0.525074 0.266851 0.020649 0.051101
1 0.382006 0.262060 0.029499 0.060683
1 0.405605 0.228525 0.032448 0.070264
1 0.419617 0.199780 0.016224 0.012775
1 0.436578 0.241300 0.020649 0.063877
1 0.461652 0.252479 0.023599 0.067070
1 0.482301 0.252479 0.020649 0.086233
1 0.498525 0.279626 0.044248 0.102202
1 0.551622 0.284417 0.029499 0.079846
1 0.575221 0.311564 0.026549 0.083039
1 0.599558 0.365859 0.028024 0.076652
1 0.620944 0.322743 0.032448 0.047907
1 0.639381 0.377038 0.025074 0.092621
1 0.655605 0.413767 0.030973 0.089427
1 0.670354 0.485628 0.039823 0.073458
1 0.382743 0.316355 0.048673 0.067070
1 0.356195 0.362666 0.066372 0.095815
1 0.332596 0.421751 0.033923 0.086233
1 0.314897 0.474449 0.051622 0.076652
1 0.328171 0.578249 0.045723 0.079846
1 0.434366 0.377038 0.033923 0.092621
1 0.472714 0.335518 0.033923 0.079846
1 0.471239 0.397798 0.033923 0.083039
1 0.484513 0.431333 0.030973 0.086233
1 0.521386 0.373844 0.022124 0.092621
1 0.556047 0.418557 0.041298 0.124559
1 0.566372 0.479240 0.061947 0.105396
1 0.608407 0.541520 0.042773 0.051101
1 0.632743 0.501597 0.035398 0.086233
1 0.655605 0.555892 0.048673 0.073458
1 0.434366 0.445705 0.042773 0.108590
1 0.383481 0.439317 0.035398 0.089427
1 0.376106 0.515969 0.032448 0.070264
1 0.404130 0.525551 0.023599 0.057489
1 0.466077 0.554295 0.044248 0.159691
1 0.511799 0.549504 0.050147 0.105396
1 0.510324 0.643722 0.032448 0.114978
1 0.575221 0.627753 0.026549 0.114978
1 0.607670 0.621365 0.035398 0.095815
1 0.600295 0.699614 0.038348 0.099009
1 0.634956 0.739537 0.036873 0.083039
1 0.641593 0.592621 0.026549 0.089427
1 0.659292 0.664482 0.026549 0.060683
1 0.645280 0.680451 0.048673 0.124559
1 0.548673 0.698017 0.032448 0.089427
1 0.389381 0.624559 0.041298 0.070264
1 0.405605 0.734746 0.038348 0.073458
1 0.429941 0.789041 0.039823 0.105396
1 0.451327 0.856112 0.026549 0.067070
1 0.493363 0.835352 0.057522 0.089427
1 0.524336 0.808204 0.036873 0.060683
1 0.551622 0.789041 0.044248 0.067070
1 0.573009 0.825770 0.033923 0.083039
1 0.612094 0.814592 0.035398 0.073458
1 0.598083 0.856112 0.057522 0.086233
1 0.490413 0.706002 0.042773 0.073458
1 0.430678 0.643722 0.026549 0.102202
1 0.436578 0.551101 0.067847 0.121365
1 0.367257 0.570264 0.032448 0.095815
1 0.362094 0.675660 0.019174 0.051101
1 0.457227 0.704405 0.061947 0.076652