33 0.085546 0.850605 0.171091 0.298789
33 0.062684 0.667676 0.125368 0.245925
33 0.039086 0.415364 0.078171 0.341739
33 0.104720 0.095099 0.209440 0.190198
33 0.096608 0.263657 0.193215 0.249118
33 0.128319 0.375441 0.188791 0.249118
33 0.172566 0.670870 0.162242 0.507818
33 0.266962 0.506388 0.085546 0.389647
33 0.227876 0.286014 0.075221 0.370484
33 0.216077 0.063161 0.134218 0.126322
33 0.282448 0.207765 0.092920 0.207599
9 0.641593 0.149395 0.179941 0.298789
9 0.511799 0.222137 0.117994 0.300220
9 0.477139 0.375441 0.113569 0.293832
9 0.436578 0.463271 0.079646 0.360902
9 0.455752 0.621365 0.067847 0.274669
9 0.516962 0.595815 0.092920 0.281057
9 0.500737 0.766684 0.095870 0.341739
9 0.578171 0.345099 0.138643 0.245925
9 0.626106 0.329130 0.172566 0.201211
9 0.764012 0.179021 0.106195 0.354515
9 0.776549 0.469659 0.157817 0.322576
9 0.713864 0.627753 0.218289 0.434360
9 0.685103 0.797026 0.184366 0.319383
9 0.777286 0.816189 0.088496 0.217180
9 0.565634 0.718062 0.140118 0.563876
34 0.923304 0.152588 0.153392 0.305176