18 0.818584 0.575055 0.103245 0.137334
18 0.845870 0.554295 0.087021 0.095815
18 0.893068 0.622962 0.069322 0.099009
18 0.814897 0.704405 0.107670 0.102202
18 0.836283 0.664482 0.115044 0.099009
18 0.911504 0.769878 0.076696 0.105396
18 0.746313 0.832158 0.106195 0.108590
18 0.780973 0.792235 0.140118 0.099009
18 0.798673 0.749118 0.051622 0.114978
18 0.832596 0.880065 0.084071 0.089427
18 0.847353 0.934179 0.148061 0.131642
18 0.900442 0.838545 0.060472 0.108590
23 0.414454 0.456883 0.070796 0.130947
23 0.483776 0.442511 0.085546 0.127753
23 0.559735 0.405782 0.066372 0.118172
23 0.606195 0.507985 0.061947 0.137334
23 0.545723 0.533535 0.067847 0.175660
23 0.483038 0.591024 0.098820 0.150110
23 0.405605 0.599009 0.079646 0.127753
23 0.324484 0.602202 0.061947 0.236343
43 0.494759 0.923539 0.078616 0.152922
43 0.572720 0.918574 0.075996 0.162852
10 0.710626 0.699540 0.084513 0.119166
35 0.972812 0.841404 0.053066 0.073769
35 0.984932 0.902405 0.028826 0.065257
15 0.959709 0.937871 0.075341 0.119166
12 0.709775 0.344028 0.096960 0.073769