31 0.497788 0.258866 0.039823 0.386453
29 0.714602 0.222137 0.048673 0.178854
29 0.750737 0.258866 0.056047 0.258700
29 0.786873 0.218943 0.030973 0.191630
29 0.738938 0.139098 0.041298 0.191630
29 0.796460 0.385022 0.050147 0.242731
29 0.805310 0.557489 0.047198 0.114978
29 0.822271 0.701211 0.087021 0.217180
29 0.889381 0.755506 0.047198 0.191630
29 0.848083 0.543117 0.041298 0.233149
29 0.842920 0.362666 0.016224 0.121365
29 0.856932 0.225331 0.038348 0.236343
29 0.815634 0.103966 0.047198 0.185242
29 0.876844 0.048789 0.036873 0.097578
29 0.885693 0.175827 0.039823 0.182048
29 0.865782 0.436123 0.041298 0.121365
29 0.910029 0.536729 0.047198 0.194823
29 0.915192 0.706002 0.054572 0.182048
29 0.925516 0.816189 0.045723 0.095815
29 0.957965 0.704405 0.036873 0.249118
29 0.980826 0.803413 0.038348 0.210792
29 0.977876 0.584636 0.044248 0.175660
29 0.974189 0.466465 0.030973 0.175660
29 0.943215 0.389813 0.028024 0.188436
29 0.913717 0.420154 0.045723 0.108590
29 0.930678 0.276432 0.032448 0.178854
29 0.919617 0.142292 0.039823 0.204405
29 0.952065 0.075937 0.030973 0.151873
29 0.965339 0.268448 0.030973 0.194823
29 0.993363 0.247688 0.013274 0.229955
29 0.988938 0.045595 0.022124 0.091190
31 0.323746 0.535132 0.069322 0.312995
31 0.367257 0.482434 0.038348 0.469492
31 0.407817 0.640528 0.075221 0.459911
31 0.400442 0.484031 0.022124 0.325770
31 0.442478 0.611784 0.029499 0.351321
31 0.471239 0.618172 0.045723 0.491849
31 0.512537 0.694823 0.048673 0.555726
31 0.536136 0.672467 0.051622 0.479074
31 0.572271 0.674063 0.047198 0.405616
31 0.612832 0.696420 0.069322 0.412003
31 0.643068 0.541520 0.044248 0.376871
31 0.692478 0.575055 0.066372 0.533369
31 0.561209 0.354681 0.060472 0.431166
31 0.595870 0.338712 0.029499 0.335352
31 0.612832 0.346696 0.039823 0.300220
31 0.632006 0.367456 0.033923 0.277863