39 0.543510 0.282820 0.172566 0.332158
39 0.484513 0.148679 0.107670 0.146916
39 0.516962 0.204571 0.089971 0.099009
39 0.407817 0.231719 0.104720 0.134141
39 0.418142 0.375441 0.143068 0.204405
39 0.336283 0.468062 0.135693 0.204405
39 0.438053 0.603799 0.185841 0.239537
39 0.583333 0.484031 0.125369 0.236343
39 0.631268 0.672467 0.091445 0.127753
39 0.740413 0.758700 0.085546 0.178854
39 0.702802 0.515969 0.178466 0.300220
39 0.068584 0.132710 0.001475 0.000000
39 0.148230 0.151873 0.001475 0.000000
23 0.139381 0.434527 0.107670 0.194823
23 0.234513 0.460077 0.117994 0.175660
23 0.016962 0.488822 0.033923 0.213986
23 0.070796 0.418557 0.079646 0.213986
23 0.101032 0.250882 0.119469 0.191630
23 0.189528 0.266851 0.095870 0.210792
23 0.244838 0.071146 0.088496 0.142292
23 0.291298 0.234913 0.069322 0.198017
23 0.263274 0.338712 0.051622 0.086233
23 0.329646 0.123129 0.089971 0.172467
23 0.396755 0.090309 0.097345 0.180617
23 0.092183 0.093503 0.119469 0.187005