30 0.637906 0.058370 0.113569 0.116740
30 0.730826 0.031223 0.098820 0.062446
10 0.328909 0.074340 0.147493 0.148679
36 0.508850 0.046477 0.041298 0.076652
36 0.460914 0.092787 0.036873 0.067070
36 0.414454 0.107159 0.026549 0.108590
36 0.427729 0.034417 0.064897 0.068834
36 0.483776 0.063161 0.041298 0.126322
2 0.034661 0.300386 0.069322 0.099009
2 0.026549 0.225331 0.053097 0.121365
2 0.012537 0.150276 0.025074 0.111784
2 0.025074 0.081609 0.050147 0.057489
2 0.071534 0.255672 0.042773 0.099009
2 0.067847 0.167842 0.076696 0.114978
2 0.078171 0.097578 0.041298 0.063877
2 0.074484 0.059252 0.042773 0.038326
2 0.132006 0.212556 0.051622 0.114978
2 0.115782 0.139098 0.028024 0.063877
2 0.137906 0.097578 0.048673 0.057489
2 0.157817 0.145485 0.061947 0.095815
2 0.207965 0.185408 0.050147 0.079846
2 0.216814 0.147082 0.050147 0.067070
2 0.230826 0.100772 0.054572 0.063877
33 0.895280 0.037611 0.029499 0.075221
33 0.953540 0.072743 0.089971 0.145485
33 0.345870 0.551101 0.081121 0.306607
33 0.437316 0.287611 0.187316 0.111784
33 0.449853 0.461674 0.200590 0.249118
33 0.426991 0.704405 0.128319 0.402422
33 0.517699 0.627753 0.138643 0.338545
33 0.557522 0.827367 0.147493 0.284250
33 0.709440 0.811398 0.218289 0.271475
33 0.839971 0.576652 0.122419 0.408810
33 0.727876 0.579846 0.128319 0.281057
33 0.629794 0.501597 0.126844 0.380065
33 0.644543 0.289208 0.227139 0.242731
33 0.741888 0.380232 0.117994 0.194823