37 0.540560 0.308370 0.072271 0.217180
37 0.557522 0.356278 0.112094 0.185242
37 0.563422 0.439317 0.056047 0.210792
37 0.450590 0.621365 0.057522 0.153304
37 0.491888 0.589427 0.066372 0.293832
37 0.533186 0.599009 0.060472 0.223568
37 0.569322 0.575055 0.067847 0.175660
37 0.556047 0.690033 0.061947 0.213986
37 0.511799 0.757103 0.079646 0.271475
37 0.552360 0.865693 0.069322 0.169273
37 0.601770 0.880065 0.085546 0.204405
37 0.646018 0.817786 0.044248 0.182048
37 0.660029 0.900825 0.072271 0.137334
37 0.615782 0.670870 0.092920 0.220374
37 0.615782 0.531938 0.063422 0.159691
37 0.621681 0.420154 0.081121 0.172467
37 0.608407 0.340309 0.063422 0.134141
37 0.644543 0.391410 0.064897 0.198017
37 0.651180 0.420154 0.060472 0.166079
37 0.705015 0.455286 0.082596 0.191630
37 0.772124 0.479240 0.098820 0.194823
37 0.825221 0.493612 0.069322 0.178854
37 0.674041 0.589427 0.058997 0.172467
37 0.682891 0.683645 0.070796 0.226762
37 0.701327 0.814592 0.069322 0.194823
37 0.724189 0.913600 0.079646 0.162885
37 0.716814 0.581443 0.085546 0.105396
29 0.020649 0.134307 0.041298 0.239537
29 0.056047 0.303580 0.047198 0.207599
29 0.016224 0.463271 0.032448 0.207599
29 0.058997 0.519163 0.053097 0.255506
29 0.053097 0.712389 0.056047 0.220374
29 0.025811 0.643722 0.051622 0.166079
29 0.012537 0.782654 0.025074 0.213986
29 0.056785 0.873678 0.072271 0.249118
29 0.115782 0.886453 0.095870 0.172467
29 0.117257 0.726762 0.060472 0.261894
29 0.117994 0.563877 0.115044 0.217180
29 0.114307 0.418557 0.069322 0.182048
29 0.109145 0.265254 0.058997 0.239537
29 0.149705 0.381828 0.063422 0.223568
29 0.196165 0.407379 0.061947 0.223568
29 0.179941 0.614978 0.064897 0.242731
29 0.221239 0.635738 0.056047 0.245925
29 0.249263 0.586233 0.070796 0.172467
29 0.300885 0.654901 0.073746 0.245925
29 0.323746 0.877753 0.057522 0.244494
29 0.230088 0.832158 0.106195 0.274669
29 0.276549 0.792235 0.084071 0.284250
43 0.161504 0.101487 0.113569 0.202974
43 0.252950 0.130232 0.092920 0.260463
43 0.329646 0.145485 0.092920 0.236343
43 0.380531 0.139813 0.094395 0.279626
43 0.437316 0.204571 0.057522 0.258700
43 0.361357 0.337115 0.123894 0.255506
43 0.362094 0.469659 0.075221 0.162885
43 0.288348 0.293998 0.140118 0.118172
43 0.292773 0.405782 0.128319 0.182048
43 0.439528 0.343503 0.070796 0.095815
43 0.822271 0.103966 0.151917 0.159691
43 0.843658 0.175827 0.103245 0.226762
43 0.754425 0.155067 0.140118 0.159691
43 0.679204 0.218943 0.072271 0.102202
43 0.742625 0.250882 0.081121 0.146916
43 0.802360 0.281223 0.085546 0.169273
43 0.843658 0.225331 0.070796 0.236343
43 0.911504 0.056774 0.079646 0.113547
43 0.822271 0.039208 0.207965 0.078415