30 0.055310 0.113547 0.110619 0.166079
30 0.062684 0.241300 0.101770 0.204405
30 0.151180 0.107159 0.092920 0.178854
30 0.146018 0.223734 0.097345 0.105396
30 0.132743 0.265254 0.064897 0.099009
33 0.117257 0.525551 0.095870 0.172467
33 0.143068 0.405782 0.100295 0.143722
33 0.041298 0.541520 0.067847 0.121365
33 0.198378 0.515969 0.069322 0.140528
33 0.195428 0.316355 0.081121 0.079846
33 0.225664 0.436123 0.109145 0.191630
33 0.286873 0.361069 0.066372 0.143722
33 0.337021 0.348293 0.030973 0.073458
33 0.232301 0.278029 0.045723 0.099009
33 0.228614 0.053580 0.064897 0.107159
33 0.249263 0.150276 0.088496 0.118172
33 0.277286 0.034417 0.103245 0.068834
33 0.287611 0.089593 0.091445 0.137334
33 0.315634 0.172633 0.076696 0.118172
33 0.356932 0.039208 0.076696 0.078415
33 0.356195 0.086400 0.060472 0.060683
9 0.379056 0.152350 0.036382 0.102202
9 0.422321 0.170448 0.046214 0.083039
9 0.457227 0.198128 0.029499 0.048972
12 0.496968 0.157398 0.056539 0.075073
9 0.415438 0.036864 0.039331 0.073728
9 0.449853 0.030654 0.040970 0.061307
9 0.451082 0.077277 0.071288 0.060328
9 0.494510 0.016459 0.041790 0.032918
9 0.487955 0.037751 0.058178 0.075502
9 0.520321 0.046225 0.022943 0.058553
9 0.508030 0.079938 0.040970 0.037261
38 0.585464 0.017346 0.063094 0.034692
38 0.583825 0.042677 0.035234 0.040810
38 0.646100 0.011136 0.030318 0.022272
33 0.685841 0.263583 0.044248 0.081620
33 0.568256 0.167768 0.038512 0.085169
33 0.594477 0.110102 0.038512 0.079846
33 0.627663 0.061307 0.036054 0.049682
33 0.669043 0.063082 0.048345 0.085169
33 0.708374 0.053323 0.041790 0.094040
33 0.742789 0.086148 0.035234 0.074523
33 0.768600 0.142927 0.021304 0.088717
33 0.770239 0.205917 0.039331 0.129527
33 0.737873 0.288424 0.066372 0.106461
33 0.636676 0.232532 0.073746 0.083394
33 0.634218 0.116312 0.055719 0.081620
33 0.634628 0.186399 0.095870 0.079846
33 0.671911 0.124297 0.060636 0.065651
33 0.728450 0.118087 0.075385 0.152594
33 0.707145 0.185512 0.093412 0.113558
37 0.439610 0.277778 0.038512 0.078071
37 0.412979 0.341906 0.035398 0.067070
37 0.411996 0.378047 0.025565 0.106461
37 0.396755 0.425954 0.016716 0.095815
37 0.395280 0.497283 0.029499 0.085169
37 0.405605 0.534544 0.022616 0.078781
37 0.421829 0.585646 0.023599 0.061747
37 0.434120 0.646328 0.024582 0.055360
37 0.464602 0.698494 0.036382 0.117107
37 0.481318 0.705946 0.020649 0.042584
37 0.474435 0.579258 0.040315 0.070264
37 0.446903 0.495154 0.032448 0.059618
37 0.437070 0.421696 0.026549 0.066006
37 0.464110 0.432342 0.019666 0.048972
37 0.485742 0.369530 0.033432 0.080910
37 0.457719 0.345044 0.026549 0.083039
37 0.500983 0.308847 0.024582 0.057489
37 0.490167 0.251358 0.016716 0.066006
37 0.515241 0.256682 0.035398 0.038326
37 0.423795 0.511123 0.017699 0.053230
37 0.477876 0.528157 0.025565 0.044714
37 0.471976 0.480249 0.023599 0.059618
37 0.477876 0.429148 0.033432 0.076652
37 0.506883 0.494089 0.024582 0.057489
37 0.517699 0.534544 0.026549 0.053230
37 0.493117 0.574999 0.008850 0.044714
37 0.497050 0.609067 0.034415 0.057489
37 0.496559 0.654845 0.035398 0.080910
37 0.504916 0.769823 0.036382 0.059618
37 0.550639 0.753854 0.021632 0.057489
37 0.556047 0.781533 0.030482 0.036197
37 0.527040 0.702752 0.035398 0.070264
37 0.550147 0.671879 0.014749 0.072393
37 0.568830 0.722980 0.020649 0.072393
37 0.530973 0.577129 0.045231 0.078781
37 0.541790 0.626101 0.049164 0.100073
37 0.537365 0.483443 0.030482 0.083039
37 0.516716 0.424890 0.030482 0.072393
37 0.514258 0.382305 0.031465 0.063877
37 0.517207 0.346109 0.025565 0.068135
37 0.520649 0.284361 0.042281 0.055360
37 0.542281 0.379111 0.030482 0.078781
37 0.540315 0.330140 0.034415 0.048972
37 0.555556 0.337592 0.025565 0.038326
37 0.543756 0.252423 0.033432 0.072393
37 0.562930 0.288620 0.026549 0.051101
37 0.575221 0.325881 0.023599 0.053230
37 0.567847 0.366336 0.024582 0.070264
37 0.564405 0.414244 0.025565 0.068135
37 0.562439 0.454699 0.033432 0.068135
37 0.572271 0.508994 0.031465 0.074523
37 0.578663 0.555836 0.044248 0.057489
37 0.579154 0.608002 0.029499 0.097944
37 0.582596 0.687848 0.030482 0.066006
37 0.602753 0.755983 0.051131 0.083039
37 0.636185 0.734691 0.035398 0.044714
37 0.662734 0.712334 0.021632 0.042584
37 0.637168 0.694236 0.025565 0.061747
37 0.618977 0.660168 0.028515 0.057489
37 0.617994 0.541997 0.022616 0.114978
37 0.636185 0.577129 0.039331 0.061747
37 0.669125 0.602679 0.030482 0.044714
37 0.689282 0.641005 0.031465 0.053230
37 0.667158 0.651651 0.069813 0.112848
37 0.700590 0.586710 0.028515 0.046843
37 0.704523 0.539867 0.024582 0.068135
37 0.682891 0.546255 0.020649 0.059618
37 0.666667 0.547320 0.031465 0.066006
37 0.654376 0.522834 0.044248 0.063877
37 0.629794 0.482379 0.030482 0.055360
37 0.601278 0.442988 0.052114 0.070264
37 0.619961 0.421696 0.040315 0.091556
37 0.596853 0.385499 0.025565 0.070264
37 0.613078 0.365272 0.020649 0.059618
37 0.601770 0.296072 0.027532 0.036197
37 0.618977 0.283297 0.014749 0.057489
37 0.634218 0.335463 0.027532 0.046843
37 0.643559 0.362078 0.036382 0.044714
37 0.643559 0.445117 0.030482 0.053230
37 0.673550 0.435536 0.025565 0.063877
37 0.670108 0.388693 0.022616 0.063877
37 0.675516 0.462151 0.037365 0.040455
37 0.696657 0.465345 0.028515 0.042584