24 0.331771 0.648406 0.353713 0.129482
24 0.150601 0.584661 0.189797 0.113546
24 0.109622 0.508964 0.168229 0.069721
24 0.083927 0.466135 0.167854 0.063745
24 0.098838 0.409363 0.155289 0.049801
24 0.159228 0.443227 0.146661 0.057769
24 0.210991 0.478088 0.181170 0.047809
24 0.230402 0.505976 0.125094 0.055777
24 0.277851 0.564741 0.125094 0.061753
24 0.355495 0.556773 0.168229 0.041833
24 0.543136 0.603586 0.181170 0.083665
24 0.588428 0.566733 0.168229 0.105578
24 0.510784 0.508964 0.142348 0.093625
24 0.420199 0.508964 0.159602 0.053785
24 0.351182 0.462151 0.107839 0.055777
24 0.310203 0.436255 0.129407 0.059761
24 0.269224 0.407371 0.099212 0.037849
24 0.374906 0.386454 0.155289 0.055777
24 0.446080 0.356574 0.133721 0.039841
24 0.480589 0.340637 0.081958 0.051793
24 0.562547 0.357570 0.150975 0.045817
24 0.556076 0.393426 0.181170 0.049801
24 0.500000 0.445219 0.189797 0.073705
24 0.612153 0.462151 0.198424 0.075697
24 0.782539 0.516932 0.116466 0.081673
24 0.855870 0.481076 0.150975 0.085657
24 0.853713 0.405378 0.120780 0.041833
24 0.795480 0.379482 0.142348 0.041833
24 0.789009 0.364542 0.086271 0.047809
24 0.676856 0.421315 0.189797 0.053785
24 0.679013 0.378486 0.081958 0.059761
24 0.929200 0.453187 0.099212 0.073705
24 0.946268 0.380478 0.107464 0.075697