43 0.801622 0.242897 0.243363 0.386453
14 0.970501 0.442511 0.041298 0.146916
14 0.921091 0.450496 0.069322 0.111784
14 0.788348 0.463271 0.081121 0.130947
14 0.738201 0.501597 0.048673 0.124559
14 0.727139 0.610187 0.067847 0.124559
14 0.741150 0.755506 0.078171 0.134141
14 0.803835 0.707599 0.064897 0.108590
14 0.806047 0.547907 0.039823 0.127753
14 0.854720 0.549504 0.072271 0.124559
14 0.897493 0.666079 0.092920 0.108590
14 0.917404 0.536729 0.067847 0.099009
14 0.955752 0.701211 0.073746 0.095815
14 0.938791 0.817786 0.084071 0.156497
38 0.530973 0.287611 0.179941 0.188436
38 0.443215 0.434527 0.122419 0.303413
38 0.574484 0.600605 0.119469 0.373678
38 0.545723 0.437720 0.106195 0.316189
38 0.650442 0.541520 0.079646 0.434360
38 0.368732 0.606993 0.067847 0.392841
38 0.482301 0.825770 0.141593 0.146916
38 0.456490 0.653304 0.154867 0.268281
9 0.202802 0.420154 0.151917 0.210792
9 0.123894 0.460077 0.100295 0.207599
9 0.192478 0.709196 0.089971 0.322576
9 0.269174 0.573458 0.104720 0.300220
9 0.100295 0.694823 0.141593 0.344933