2 0.628482 0.643293 0.032776 0.049682
2 0.595669 0.635211 0.027487 0.052263
2 0.568517 0.622146 0.028158 0.055166
2 0.540024 0.605451 0.031510 0.062425
2 0.509520 0.574964 0.036203 0.071135
2 0.483374 0.546655 0.028158 0.066780
2 0.465272 0.537945 0.008045 0.040649
2 0.458568 0.503829 0.026817 0.047907
2 0.473988 0.480601 0.017431 0.045004
2 0.471641 0.454470 0.024806 0.047907
2 0.456557 0.460277 0.010727 0.039197
2 0.478345 0.415999 0.024806 0.043552
2 0.490413 0.453744 0.016761 0.023228
2 0.492424 0.489312 0.022124 0.056618
2 0.514883 0.511088 0.028158 0.047907
2 0.531309 0.566980 0.018101 0.023228
2 0.544717 0.522702 0.019442 0.059521
2 0.557455 0.567705 0.026146 0.062425
2 0.581590 0.588030 0.028828 0.039197
2 0.612430 0.595289 0.031510 0.045004
2 0.649303 0.614887 0.014079 0.020324
2 0.651984 0.640292 0.022124 0.039197
2 0.676120 0.629404 0.026146 0.055166
2 0.699249 0.587304 0.021453 0.058070
2 0.678801 0.564802 0.026146 0.045004
2 0.650308 0.579319 0.030839 0.076942
2 0.619804 0.561173 0.027487 0.049359
2 0.591311 0.547381 0.020113 0.050811
2 0.571199 0.538671 0.020113 0.056618
2 0.560137 0.493667 0.023465 0.047907
2 0.530973 0.477698 0.022794 0.062425
2 0.510190 0.450115 0.020113 0.050811
2 0.505833 0.413821 0.018101 0.024680
2 0.501140 0.395674 0.023465 0.034842
2 0.526616 0.410918 0.026146 0.047907
2 0.537007 0.446485 0.022794 0.031938
2 0.551421 0.434146 0.019442 0.059521
2 0.544047 0.394949 0.014079 0.050811
2 0.528962 0.384786 0.016090 0.030487
2 0.560472 0.394223 0.018772 0.046456
2 0.558126 0.362284 0.024806 0.037745
2 0.574551 0.444308 0.024135 0.056618
2 0.581590 0.505281 0.019442 0.047907
2 0.609413 0.492941 0.029499 0.063877
2 0.629861 0.529960 0.024806 0.024680
2 0.648968 0.519798 0.010727 0.027583
2 0.662041 0.534315 0.020783 0.030487
2 0.681483 0.532864 0.019442 0.021776
2 0.693551 0.506007 0.019442 0.037745
2 0.675114 0.496570 0.016090 0.042100
2 0.657013 0.498022 0.028158 0.074039
2 0.628520 0.472617 0.020783 0.049359
2 0.645951 0.437049 0.023465 0.036293
2 0.652990 0.423257 0.028158 0.043552
2 0.640252 0.368817 0.030839 0.053714
2 0.622821 0.402207 0.025476 0.053714
2 0.600697 0.435597 0.029499 0.056618
2 0.609748 0.496570 0.026146 0.045004
2 0.582261 0.400030 0.032851 0.049359
2 0.584942 0.365188 0.024806 0.031938
2 0.604720 0.378979 0.018772 0.033390