9 0.794248 0.058370 0.054572 0.116740
9 0.780973 0.140695 0.051622 0.079846
9 0.755900 0.045595 0.042773 0.091190
9 0.738938 0.115144 0.044248 0.099009
9 0.747050 0.210959 0.042773 0.099009
9 0.798673 0.239703 0.054572 0.137334
9 0.851032 0.217346 0.058997 0.086233
9 0.823009 0.137501 0.041298 0.105396
9 0.853982 0.039208 0.058997 0.078415
9 0.904130 0.024835 0.050147 0.049670
9 0.945428 0.023238 0.044248 0.046476
9 0.867994 0.113547 0.054572 0.095815
9 0.919617 0.113547 0.045723 0.083039
9 0.947640 0.094384 0.025074 0.063877
9 0.969027 0.086400 0.020649 0.073458
9 0.965339 0.158261 0.025074 0.095815
9 0.941740 0.190199 0.036873 0.095815
9 0.900442 0.190199 0.054572 0.134141
9 0.918142 0.338712 0.122419 0.150110
9 0.919617 0.546310 0.057522 0.118172
9 0.964602 0.634141 0.070796 0.255506
9 0.892330 0.648513 0.117994 0.156497
9 0.862094 0.680451 0.148968 0.175660
9 0.880531 0.434527 0.100295 0.175660
10 0.204277 0.050386 0.143068 0.100772
10 0.119469 0.130232 0.147493 0.260463
10 0.258112 0.188602 0.144543 0.175660
10 0.325221 0.048789 0.148968 0.097578
12 0.581121 0.239703 0.141593 0.213986
12 0.503687 0.314758 0.075221 0.210792
12 0.472714 0.431333 0.078171 0.252312
12 0.472714 0.546310 0.104720 0.245925
12 0.525074 0.691630 0.117994 0.172467
12 0.544248 0.421751 0.109145 0.245925
12 0.627581 0.386619 0.140118 0.245925
12 0.680678 0.445705 0.122419 0.191630
12 0.722714 0.635738 0.088496 0.194823
12 0.560472 0.555892 0.112094 0.213986
12 0.641593 0.557489 0.141593 0.159691
12 0.648230 0.720374 0.187316 0.083039
12 0.634956 0.659691 0.172566 0.146916
8 0.182891 0.410573 0.120944 0.217180
8 0.400442 0.340309 0.110619 0.229955
8 0.258850 0.520760 0.089971 0.194823
8 0.166667 0.562280 0.120944 0.175660
8 0.044985 0.619768 0.089970 0.233149
8 0.103245 0.758700 0.097345 0.217180
8 0.232301 0.797026 0.137168 0.306607
8 0.342920 0.749118 0.104720 0.242731
8 0.374631 0.600605 0.106195 0.277863
29 0.456490 0.952808 0.051622 0.094384
29 0.536873 0.903304 0.044248 0.193392
29 0.575221 0.864096 0.064897 0.217180
29 0.628319 0.835352 0.041298 0.178854
29 0.678466 0.835352 0.050147 0.191630
29 0.710914 0.930451 0.047198 0.139098
29 0.727876 0.840142 0.054572 0.188436
29 0.765487 0.954405 0.032448 0.091190
29 0.620206 0.952808 0.028024 0.094384
43 0.817109 0.862499 0.088496 0.092621
43 0.888643 0.830561 0.113569 0.175660
43 0.959440 0.865693 0.057522 0.124559
43 0.850295 0.918391 0.072271 0.140528
43 0.957227 0.914482 0.085546 0.171036
43 0.914454 0.932048 0.085546 0.135904
2 0.953663 0.447181 0.036071 0.066092
9 0.986612 0.426902 0.022891 0.190765
2 0.702345 0.793713 0.043701 0.079611