33 0.113679 0.261646 0.130189 0.179520
34 0.620944 0.098820 0.206490 0.182209
31 0.618732 0.370536 0.148968 0.207782
31 0.544985 0.488812 0.169617 0.367615
31 0.586283 0.541556 0.169617 0.281305
31 0.631268 0.650243 0.091445 0.185406
31 0.657817 0.659833 0.174041 0.140653
31 0.717552 0.400904 0.054572 0.281305
31 0.650442 0.338569 0.141593 0.226962
31 0.470501 0.440986 0.150442 0.386546
31 0.508112 0.639054 0.151917 0.265322
5 0.772995 0.162632 0.086085 0.324588
5 0.793042 0.313426 0.060142 0.488161
5 0.836085 0.462941 0.049528 0.255581
5 0.849057 0.134349 0.075472 0.268698
5 0.867925 0.069176 0.099057 0.138352
5 0.941627 0.058953 0.053066 0.117906
5 0.937500 0.391378 0.125000 0.444712
5 0.960495 0.326205 0.079009 0.263249
5 0.893868 0.428437 0.120283 0.375705
9 0.411973 0.061740 0.106132 0.114260
12 0.057401 0.104963 0.112028 0.205217
33 0.182783 0.138149 0.117453 0.081786
33 0.233962 0.068120 0.135849 0.078719
33 0.297642 0.190288 0.103774 0.208554
33 0.284906 0.201022 0.045283 0.168684
33 0.171934 0.252650 0.025000 0.177885
33 0.201415 0.244471 0.040566 0.114500
33 0.161792 0.450061 0.020755 0.176862
33 0.134434 0.514979 0.030189 0.171751
33 0.200236 0.371853 0.034434 0.163572
33 0.333491 0.397922 0.045283 0.119612
33 0.369104 0.276777 0.029717 0.179929
33 0.231368 0.406101 0.058962 0.275006
33 0.290802 0.395366 0.052358 0.263760
33 0.095755 0.412746 0.105660 0.224912
33 0.123821 0.586541 0.117453 0.198331
33 0.225708 0.532869 0.066509 0.307720
33 0.309198 0.545648 0.114623 0.224912
33 0.182547 0.414279 0.105660 0.301586
2 0.944575 0.144742 0.061321 0.094565
2 0.583726 0.767083 0.049528 0.071563