39 0.566372 0.309967 0.159292 0.341739
39 0.698378 0.440914 0.116519 0.252312
39 0.744838 0.632544 0.088496 0.162885
39 0.639381 0.611784 0.078171 0.210792
39 0.602507 0.482434 0.054572 0.220374
39 0.577434 0.616575 0.084071 0.245925
39 0.462389 0.664482 0.098820 0.271475
39 0.349558 0.624559 0.115044 0.268281
39 0.385693 0.370650 0.098820 0.156497
39 0.432891 0.217346 0.098820 0.162885
39 0.488201 0.286014 0.076696 0.095815
39 0.466077 0.448899 0.109145 0.159691
39 0.344395 0.325937 0.089971 0.105396
23 0.106932 0.742731 0.107670 0.210792
23 0.163717 0.522357 0.138643 0.198017
23 0.041298 0.523954 0.082596 0.239537
23 0.022124 0.340309 0.044248 0.146916
23 0.095133 0.377038 0.110619 0.111784
23 0.144543 0.247688 0.085546 0.210792
23 0.056047 0.196587 0.097345 0.178854
23 0.098820 0.076818 0.091445 0.111784
23 0.175516 0.107159 0.079646 0.159691
23 0.228614 0.260463 0.100295 0.159691
23 0.226401 0.373844 0.069322 0.156497
23 0.223451 0.667676 0.084071 0.226762
23 0.272124 0.156664 0.075221 0.130947
23 0.272861 0.094384 0.058997 0.063877
23 0.307522 0.049671 0.066372 0.083039
23 0.347345 0.124726 0.060472 0.099009
23 0.327434 0.185408 0.050147 0.130947