34 0.051622 0.664482 0.082596 0.367290
34 0.101770 0.565473 0.061947 0.213986
34 0.109882 0.741134 0.107670 0.220374
34 0.176254 0.519163 0.095870 0.268281
34 0.203540 0.718777 0.106195 0.169273
34 0.251475 0.543117 0.101770 0.309801
30 0.537611 0.143888 0.160767 0.265087
30 0.432153 0.241300 0.085546 0.351321
30 0.364307 0.410573 0.050147 0.357708
30 0.388643 0.568667 0.060472 0.392841
30 0.441003 0.416961 0.115044 0.261894
30 0.468289 0.669273 0.113569 0.370484
30 0.557522 0.726762 0.150442 0.191630
30 0.596608 0.878468 0.178466 0.233149
30 0.734513 0.777863 0.138643 0.268281
30 0.662979 0.608590 0.113569 0.325770
30 0.576696 0.408976 0.209440 0.469492
30 0.662242 0.135022 0.135693 0.270044
30 0.699853 0.281223 0.169617 0.341739
30 0.760324 0.485628 0.137168 0.341739
30 0.811209 0.319549 0.079646 0.335352
33 0.955015 0.109472 0.089970 0.218943
33 0.890855 0.230122 0.053097 0.335352
33 0.904130 0.514372 0.097345 0.373678
33 0.953540 0.346696 0.089971 0.370484
33 0.965339 0.624559 0.069322 0.255506
43 0.813679 0.065896 0.082547 0.125124
36 0.261792 0.957476 0.106132 0.085048