8 0.397493 0.551206 0.113569 0.357919
8 0.485251 0.662885 0.103245 0.268281
8 0.528761 0.212556 0.125369 0.210792
8 0.521251 0.418722 0.122690 0.220703
8 0.615782 0.356278 0.098820 0.204405
8 0.612094 0.658094 0.141593 0.284250
8 0.702802 0.571861 0.134218 0.201211
8 0.732301 0.447302 0.095870 0.169273
8 0.745575 0.198184 0.098820 0.220374
12 0.932891 0.111069 0.134218 0.222137
12 0.859882 0.218943 0.085546 0.255506
12 0.938053 0.289208 0.120944 0.210792
12 0.837758 0.418557 0.100295 0.213986
12 0.926991 0.442511 0.146018 0.153304
12 0.865044 0.571861 0.131268 0.156497
12 0.960914 0.570264 0.078171 0.198017
12 0.886431 0.683645 0.085546 0.118172
29 0.823746 0.901707 0.060472 0.196586
29 0.898968 0.849724 0.042773 0.233149
29 0.941003 0.909691 0.020649 0.180617
29 0.954277 0.844218 0.017699 0.311564
31 0.594382 0.924212 0.019794 0.151576
31 0.643236 0.957955 0.027375 0.084090
31 0.670822 0.974277 0.023585 0.049247
10 0.610142 0.067226 0.137972 0.134452
10 0.477182 0.044244 0.107901 0.088488