33 0.374631 0.295595 0.138643 0.434360
33 0.342920 0.394604 0.219764 0.504624
33 0.314159 0.661288 0.191740 0.392841
33 0.469027 0.832158 0.250737 0.332158
33 0.513274 0.061564 0.318584 0.123128
33 0.700590 0.153470 0.174041 0.284250
33 0.790560 0.452093 0.100295 0.421585
33 0.747050 0.729955 0.146018 0.300220
33 0.512537 0.262060 0.157817 0.341739
33 0.634956 0.778744 0.240413 0.442511
33 0.655605 0.359472 0.205015 0.568501
33 0.497788 0.517566 0.184366 0.463105
33 0.317847 0.880065 0.025074 0.140528
2 0.027286 0.661288 0.054572 0.130947
2 0.039086 0.527148 0.078171 0.162885
2 0.045723 0.423348 0.064897 0.095815
2 0.014012 0.377038 0.028024 0.156497
2 0.075959 0.324340 0.069322 0.166079
2 0.021386 0.223734 0.042772 0.175660
2 0.071534 0.190199 0.057522 0.146916
2 0.026549 0.119935 0.053097 0.095815
2 0.066372 0.040804 0.076696 0.081608
2 0.016224 0.039208 0.032448 0.078415