33 0.076696 0.079130 0.153392 0.158260
33 0.033186 0.333921 0.066372 0.402422
33 0.207965 0.069549 0.132743 0.139098
33 0.165192 0.198184 0.203540 0.169273
33 0.125369 0.295595 0.147493 0.121365
33 0.081121 0.383425 0.153392 0.220374
33 0.851770 0.031223 0.175516 0.062446
37 0.652655 0.973568 0.042773 0.052864
37 0.454277 0.147082 0.115044 0.233149
37 0.414454 0.262060 0.117994 0.360902
37 0.371681 0.484031 0.117994 0.261894
37 0.411504 0.713986 0.085546 0.255506
37 0.479351 0.840142 0.117994 0.118172
37 0.522124 0.930451 0.132743 0.139098
37 0.636431 0.876156 0.143068 0.247688
37 0.724926 0.825770 0.078171 0.287444
37 0.759587 0.630947 0.079646 0.364096
37 0.521386 0.088712 0.234513 0.177424
37 0.693953 0.126322 0.116519 0.210792
37 0.730826 0.391410 0.199115 0.204405
37 0.674779 0.252479 0.205015 0.201211
37 0.543510 0.262060 0.089971 0.431166
37 0.502212 0.404185 0.205015 0.300220
37 0.508112 0.702808 0.146018 0.380065
37 0.693215 0.707599 0.109145 0.223568
37 0.676991 0.522357 0.179941 0.293832
37 0.603982 0.690033 0.092920 0.182048