34 0.887168 0.157379 0.184366 0.314758
34 0.822271 0.924063 0.222714 0.151873
34 0.215339 0.888931 0.241888 0.222137
43 0.183628 0.088712 0.178466 0.177424
37 0.028761 0.126322 0.057522 0.229955
37 0.043510 0.172633 0.087020 0.213986
37 0.024336 0.301983 0.048672 0.108590
37 0.033923 0.423348 0.067846 0.114978
37 0.019912 0.507985 0.039823 0.092621
37 0.014749 0.583039 0.029498 0.070264
37 0.028024 0.659691 0.038348 0.102202
37 0.032448 0.779460 0.041298 0.060683
37 0.090708 0.337115 0.066372 0.095815
37 0.139381 0.287611 0.025074 0.162885
37 0.137168 0.238106 0.073746 0.095815
37 0.199115 0.263657 0.044248 0.083039
37 0.235251 0.279626 0.033923 0.089427
37 0.233776 0.353084 0.022124 0.108590
37 0.226401 0.428139 0.022124 0.150110
37 0.191003 0.348293 0.054572 0.054295
37 0.165929 0.359472 0.057522 0.114978
37 0.105457 0.423348 0.104720 0.121365
12 0.665192 0.111069 0.185841 0.222137
12 0.380531 0.068834 0.182891 0.114978
12 0.542773 0.103084 0.150442 0.206168
12 0.722714 0.247688 0.115044 0.274669
12 0.409292 0.179021 0.134218 0.341739
12 0.492625 0.263657 0.141593 0.281057
12 0.594395 0.265254 0.109145 0.405616
12 0.678466 0.329130 0.094395 0.360902
12 0.642330 0.464868 0.154867 0.300220
12 0.541298 0.396201 0.141593 0.271475
2 0.839233 0.361069 0.064897 0.137334
2 0.660767 0.635738 0.082596 0.124559
2 0.359145 0.257269 0.057522 0.114978
4 0.918879 0.583039 0.097345 0.146916
4 0.931416 0.439317 0.092920 0.159691
4 0.980826 0.418557 0.038348 0.162885
4 0.971976 0.699614 0.056047 0.213986
9 0.289823 0.356278 0.036873 0.076652
9 0.321534 0.396201 0.041298 0.111784
9 0.297198 0.434527 0.033923 0.105396
9 0.300147 0.546310 0.039823 0.137334
9 0.283923 0.490419 0.039823 0.095815
9 0.288348 0.635738 0.025074 0.130947
9 0.328909 0.619768 0.073746 0.073458
9 0.356932 0.702808 0.056047 0.111784
9 0.309735 0.706002 0.035398 0.118172
9 0.379056 0.812995 0.064897 0.121365
9 0.427729 0.865693 0.064897 0.130947
9 0.485988 0.900825 0.051622 0.118172
9 0.528024 0.932763 0.035398 0.118172
9 0.578909 0.916794 0.042773 0.118172
9 0.632006 0.892841 0.033923 0.121365
9 0.688053 0.867290 0.036873 0.095815
9 0.750000 0.859305 0.036873 0.099009
9 0.791298 0.777863 0.033923 0.178854
9 0.832596 0.720374 0.054572 0.121365
9 0.849558 0.624559 0.035398 0.083039
9 0.862832 0.533535 0.020649 0.099009
9 0.884218 0.442511 0.036873 0.076652
9 0.332596 0.493612 0.066372 0.089427
9 0.351032 0.568667 0.067847 0.092621
9 0.391593 0.642125 0.045723 0.099009
9 0.410029 0.753909 0.070796 0.086233
9 0.465339 0.787444 0.054572 0.083039
9 0.515487 0.827367 0.033923 0.073458
9 0.553097 0.819383 0.056047 0.089427
9 0.602507 0.819383 0.048673 0.095815
9 0.661504 0.820979 0.039823 0.079846
9 0.712389 0.792235 0.053097 0.079846
9 0.745575 0.720374 0.063422 0.095815
9 0.772124 0.621365 0.075221 0.121365
9 0.783186 0.528744 0.076696 0.114978
9 0.810472 0.442511 0.066372 0.121365
9 0.357670 0.456883 0.060472 0.092621
9 0.416667 0.434527 0.051622 0.092621
9 0.392330 0.549504 0.038348 0.067070
9 0.426991 0.565473 0.045723 0.073458
9 0.452065 0.512775 0.060472 0.089427
9 0.440265 0.666079 0.063422 0.083039
9 0.485251 0.600605 0.038348 0.092621
9 0.511062 0.525551 0.045723 0.114978
9 0.521386 0.616575 0.054572 0.150110
9 0.485251 0.688436 0.047198 0.095815
9 0.540560 0.718777 0.045723 0.060683
9 0.598083 0.736343 0.039823 0.134141
9 0.567847 0.602202 0.044248 0.127753
9 0.633481 0.741134 0.045723 0.111784
9 0.682153 0.734746 0.060472 0.099009