8 0.530236 0.868887 0.110619 0.188436
8 0.636431 0.944823 0.101770 0.110353
8 0.744838 0.827367 0.120944 0.207599
12 0.925516 0.725165 0.148968 0.188436
12 0.859882 0.822576 0.112094 0.204405
12 0.951327 0.836949 0.097345 0.201211
12 0.898968 0.919988 0.202064 0.150110
7 0.813422 0.089593 0.122419 0.169273
7 0.899705 0.246091 0.141593 0.207599
7 0.753687 0.254075 0.126844 0.249118
7 0.823746 0.389813 0.113569 0.207599
7 0.948378 0.471256 0.103244 0.178854
7 0.860619 0.595815 0.084071 0.108590
10 0.617257 0.662885 0.134218 0.191630
10 0.470501 0.575055 0.144543 0.233149
10 0.458702 0.381828 0.126844 0.210792
10 0.564897 0.456883 0.141593 0.201211
10 0.545723 0.324340 0.088496 0.127753
10 0.557522 0.223734 0.103245 0.130947
10 0.634956 0.180617 0.095870 0.185242
10 0.647493 0.324340 0.117994 0.178854
10 0.676254 0.466465 0.110619 0.188436