23 0.416667 0.782654 0.081121 0.175660
23 0.477876 0.720374 0.085546 0.159691
23 0.403392 0.677257 0.075221 0.130947
23 0.353982 0.562280 0.088496 0.150110
23 0.363569 0.461674 0.066372 0.102202
23 0.380531 0.375441 0.050147 0.089427
23 0.414454 0.262060 0.082596 0.137334
23 0.339971 0.204571 0.069322 0.118172
23 0.296460 0.127919 0.079646 0.099009
23 0.177729 0.265254 0.128319 0.067070
23 0.023599 0.536729 0.047198 0.073458
23 0.030973 0.635738 0.061946 0.175660
23 0.032448 0.771475 0.064896 0.159691
23 0.106932 0.883259 0.092920 0.198017
23 0.092920 0.800220 0.053097 0.127753
23 0.100295 0.696420 0.073746 0.143722
23 0.106932 0.555892 0.078171 0.105396
23 0.127581 0.469659 0.054572 0.099009
23 0.041298 0.484031 0.073746 0.095815
23 0.040560 0.373844 0.081120 0.099009
23 0.061947 0.309967 0.085546 0.105396
23 0.144543 0.361069 0.091445 0.118172
23 0.221239 0.466465 0.082596 0.124559
23 0.207965 0.562280 0.073746 0.124559
23 0.194690 0.638931 0.067847 0.124559
23 0.219027 0.862499 0.104720 0.201211
23 0.161504 0.876871 0.075221 0.127753
23 0.308997 0.888050 0.069322 0.137334
23 0.329646 0.744328 0.072271 0.150110
23 0.255900 0.680451 0.078171 0.143722
23 0.272861 0.515969 0.073746 0.146916
23 0.296460 0.412170 0.067847 0.079846
23 0.327434 0.308370 0.073746 0.089427
23 0.247788 0.313161 0.058997 0.130947
23 0.216814 0.190199 0.032448 0.089427
23 0.248313 0.209362 0.057947 0.051101
23 0.122419 0.218943 0.047198 0.063877
23 0.092920 0.247688 0.029499 0.063877
23 0.365044 0.954405 0.113569 0.091190
23 0.441740 0.959196 0.125369 0.081608
23 0.562684 0.971971 0.084071 0.056058
23 0.643805 0.925660 0.063422 0.148679
23 0.720501 0.902422 0.087021 0.166079
23 0.564897 0.704405 0.082596 0.198017
23 0.536136 0.825770 0.084071 0.178854
23 0.511062 0.579846 0.087021 0.140528
23 0.457227 0.552698 0.061947 0.156497
23 0.432891 0.453690 0.069322 0.150110
23 0.526549 0.447302 0.079646 0.143722
23 0.474189 0.308370 0.069322 0.102202
23 0.465339 0.210959 0.089971 0.092621
23 0.431416 0.164648 0.066372 0.095815
23 0.406342 0.068834 0.054572 0.057489
23 0.472714 0.068834 0.054572 0.095815
23 0.543510 0.167842 0.069322 0.153304
23 0.536873 0.241300 0.056047 0.140528
23 0.548673 0.327533 0.094395 0.146916
23 0.598820 0.471256 0.073746 0.121365
23 0.572271 0.567070 0.112094 0.121365
23 0.648230 0.696420 0.057522 0.092621
23 0.674779 0.753909 0.072271 0.143722
23 0.628319 0.828964 0.076696 0.102202
23 0.724926 0.667676 0.051622 0.143722
23 0.666667 0.563877 0.058997 0.153304
23 0.694690 0.471256 0.073746 0.153304
23 0.639381 0.353084 0.060472 0.114978
23 0.654130 0.295595 0.066372 0.121365
23 0.597345 0.206168 0.047198 0.108590
23 0.602507 0.095981 0.057522 0.137334
23 0.658555 0.110353 0.060472 0.127753
23 0.710914 0.175827 0.073746 0.137334
23 0.693953 0.255672 0.057522 0.111784
23 0.709440 0.332324 0.082596 0.105396
23 0.745575 0.461674 0.066372 0.140528
23 0.799410 0.536729 0.088496 0.105396
23 0.783186 0.659691 0.094395 0.134141
23 0.893805 0.530341 0.094395 0.150110
23 0.971976 0.495209 0.056047 0.156497
23 0.890855 0.434527 0.085546 0.130947
23 0.872419 0.338712 0.054572 0.105396
23 0.820059 0.410573 0.079646 0.153304
23 0.780236 0.337115 0.085546 0.102202
23 0.755900 0.258866 0.063422 0.099009
23 0.777286 0.210959 0.056047 0.105396
23 0.839971 0.236509 0.054572 0.092621
23 0.847345 0.171036 0.072271 0.102202
23 0.744838 0.131113 0.067847 0.118172
23 0.730088 0.057655 0.056047 0.060683
23 0.801622 0.097578 0.051622 0.089427
23 0.842183 0.073624 0.061947 0.079846
23 0.893805 0.103966 0.047198 0.044714
23 0.943953 0.143888 0.073746 0.099009
23 0.981563 0.187005 0.036873 0.114978
23 0.926254 0.249285 0.076696 0.124559
23 0.942478 0.393007 0.058997 0.060683
23 0.946903 0.354681 0.070796 0.086233
23 0.991150 0.341906 0.017699 0.111784
23 0.934366 0.034417 0.078171 0.068834
23 0.345519 0.073557 0.068396 0.140445
23 0.489976 0.889417 0.130896 0.122571
23 0.714623 0.044191 0.400943 0.086821
23 0.104363 0.932827 0.208726 0.127678
23 0.192217 0.155270 0.054245 0.099589