0 0.254425 0.608590 0.081121 0.134141
0 0.247788 0.464868 0.053097 0.121365
0 0.295723 0.490419 0.066372 0.121365
0 0.263274 0.397798 0.039823 0.083039
0 0.293510 0.702808 0.056047 0.150110
0 0.306785 0.567070 0.056047 0.102202
0 0.345133 0.777863 0.053097 0.127753
0 0.407080 0.848127 0.079646 0.166079
0 0.466077 0.878468 0.058997 0.143722
0 0.530236 0.899228 0.072271 0.153304
0 0.604720 0.912003 0.088496 0.159691
0 0.674041 0.884856 0.097345 0.156497
0 0.337021 0.638931 0.066372 0.150110
0 0.392330 0.694823 0.073746 0.134141
0 0.466077 0.757103 0.061947 0.105396
0 0.521386 0.792235 0.057522 0.105396
0 0.592183 0.779460 0.078171 0.137334
0 0.296460 0.351487 0.050147 0.111784
0 0.340708 0.412170 0.053097 0.092621
0 0.345133 0.515969 0.058997 0.127753
0 0.397493 0.557489 0.069322 0.127753
0 0.449115 0.624559 0.063422 0.146916
0 0.510324 0.677257 0.067847 0.143722
0 0.559735 0.694823 0.048673 0.121365
0 0.356195 0.329130 0.078171 0.118172
0 0.355457 0.265254 0.058997 0.054295
0 0.396018 0.436123 0.066372 0.140528
0 0.443953 0.488822 0.047198 0.137334
0 0.489676 0.538326 0.061947 0.146916
0 0.536136 0.575055 0.042773 0.047907
0 0.575221 0.591024 0.056047 0.092621
0 0.609882 0.674063 0.060472 0.099009
0 0.693953 0.816189 0.042773 0.140528
0 0.634956 0.779460 0.033923 0.111784
0 0.652655 0.694823 0.042773 0.121365
0 0.716077 0.761894 0.063422 0.102202
0 0.721239 0.713986 0.056047 0.102202
0 0.674041 0.635738 0.038348 0.086233
0 0.633481 0.583039 0.045723 0.089427
0 0.539823 0.504791 0.050147 0.105396
0 0.495575 0.418557 0.070796 0.156497
0 0.445428 0.327533 0.076696 0.134141
0 0.412979 0.206168 0.050147 0.102202
0 0.446165 0.249285 0.045723 0.067070
0 0.482301 0.287611 0.053097 0.124559
0 0.527286 0.313161 0.051622 0.118172
0 0.535398 0.402588 0.029499 0.086233
0 0.573746 0.527148 0.058997 0.086233
0 0.738201 0.656497 0.060472 0.102202
0 0.696165 0.605396 0.035398 0.076652
0 0.685103 0.560683 0.036873 0.095815
0 0.651180 0.530341 0.036873 0.086233
0 0.619469 0.509581 0.029499 0.063877
0 0.575959 0.479240 0.039823 0.079846
0 0.469764 0.175827 0.039823 0.073458
0 0.473451 0.121532 0.035398 0.047907
0 0.732301 0.571861 0.039823 0.067070
0 0.764012 0.581443 0.038348 0.073458
0 0.793510 0.557489 0.026549 0.057489
0 0.778024 0.541520 0.030973 0.070264
0 0.700590 0.520760 0.029499 0.079846
0 0.670354 0.484031 0.033923 0.076652
0 0.635693 0.464868 0.044248 0.083039
0 0.575221 0.432930 0.029499 0.076652
0 0.559735 0.295595 0.048673 0.102202
0 0.500000 0.198184 0.032448 0.086233
0 0.500737 0.095981 0.042773 0.067070
0 0.504425 0.040089 0.041298 0.051101
0 0.497788 0.150276 0.033923 0.079846
0 0.525074 0.226928 0.029499 0.060683
0 0.533923 0.167842 0.070796 0.083039
0 0.532448 0.097578 0.047198 0.076652
0 0.567847 0.052864 0.056047 0.095815
0 0.586283 0.139098 0.054572 0.063877
0 0.581858 0.207765 0.051622 0.111784
0 0.601032 0.386619 0.042773 0.067070
0 0.622419 0.303580 0.050147 0.092621
0 0.652655 0.397798 0.036873 0.070264
0 0.687316 0.437720 0.058997 0.086233
0 0.725664 0.509581 0.041298 0.070264
0 0.765487 0.484031 0.047198 0.076652
0 0.792773 0.507985 0.030973 0.073458
0 0.814159 0.490419 0.029499 0.083039
0 0.846608 0.456883 0.029499 0.086233
0 0.811209 0.428139 0.047198 0.073458
0 0.771386 0.436123 0.047198 0.083039
0 0.726401 0.421751 0.054572 0.092621
0 0.604720 0.023238 0.044248 0.046476
0 0.632006 0.038492 0.033923 0.073458
0 0.625369 0.084803 0.038348 0.063877
0 0.648230 0.121532 0.039823 0.073458
0 0.680678 0.126322 0.030973 0.063877
0 0.679204 0.169439 0.039823 0.079846
0 0.674041 0.212556 0.041298 0.089427
0 0.633481 0.214153 0.039823 0.086233
0 0.657080 0.254075 0.045723 0.083039
0 0.656342 0.311564 0.056047 0.076652
0 0.705752 0.300386 0.030973 0.067070
0 0.727876 0.153470 0.030973 0.099009
0 0.704277 0.102369 0.019174 0.054295
0 0.769174 0.242897 0.019174 0.047907
0 0.730088 0.260463 0.035398 0.044714
0 0.733038 0.303580 0.029499 0.041520
0 0.732301 0.370650 0.039823 0.060683
0 0.814897 0.325937 0.022124 0.067070
0 0.791298 0.278029 0.030973 0.054295
0 0.756637 0.321146 0.026549 0.057489
0 0.780236 0.356278 0.035398 0.070264
1 0.963864 0.883259 0.072271 0.204405
1 0.946903 0.959196 0.091445 0.081608
1 0.875369 0.900825 0.084071 0.188436
1 0.790560 0.951926 0.073746 0.092621
1 0.772124 0.865693 0.081121 0.169273
1 0.781711 0.739537 0.076696 0.121365
1 0.830383 0.745925 0.056047 0.153304
1 0.890118 0.718777 0.060472 0.111784
1 0.966814 0.749118 0.066372 0.153304
1 0.932891 0.785847 0.042773 0.086233
1 0.882006 0.822576 0.070796 0.083039
1 0.807522 0.626156 0.063422 0.118172
1 0.837021 0.583039 0.054572 0.076652
1 0.871681 0.638931 0.073746 0.111784
1 0.937316 0.678854 0.048673 0.102202
1 0.978614 0.650110 0.042772 0.102202
1 0.981563 0.599009 0.033923 0.070264
1 0.915192 0.608590 0.069322 0.076652
1 0.879056 0.514372 0.076696 0.092621
1 0.926991 0.487225 0.042773 0.076652
1 0.969027 0.530341 0.032448 0.060683
1 0.937316 0.559086 0.036873 0.060683