1 0.951327 0.967180 0.073746 0.065640
1 0.864307 0.920870 0.076696 0.158260
1 0.813422 0.978359 0.066372 0.043282
1 0.770649 0.894437 0.075221 0.137334
1 0.742625 0.933645 0.078171 0.132710
1 0.676254 0.976762 0.042773 0.046476
1 0.686578 0.859305 0.087021 0.150110
1 0.619469 0.941630 0.082596 0.116740
1 0.558997 0.968777 0.067847 0.062446
1 0.469027 0.971971 0.103245 0.056058
1 0.396755 0.944823 0.091445 0.110353
1 0.473451 0.892841 0.088496 0.146916
1 0.560472 0.875274 0.094395 0.156497
0 0.296460 0.672467 0.067847 0.166079
0 0.363569 0.747521 0.081121 0.175660
0 0.259587 0.581443 0.064897 0.137334
0 0.241150 0.500000 0.060472 0.108590
0 0.231563 0.415364 0.058997 0.130947
0 0.248525 0.316355 0.054572 0.124559
0 0.210914 0.340309 0.020649 0.083039
0 0.212389 0.239703 0.038348 0.118172
0 0.239676 0.134307 0.042773 0.105396
0 0.254425 0.225331 0.063422 0.102202
0 0.292773 0.067237 0.066372 0.105396
0 0.298673 0.139098 0.057522 0.095815
0 0.305310 0.209362 0.061947 0.102202
0 0.306785 0.306774 0.070796 0.137334
0 0.284661 0.428139 0.047198 0.099009
0 0.305310 0.522357 0.061947 0.108590
0 0.360619 0.595815 0.072271 0.127753
0 0.333333 0.420154 0.070796 0.140528
0 0.428466 0.755506 0.054572 0.159691
0 0.485251 0.757103 0.041298 0.130947
0 0.534661 0.749118 0.045723 0.102202
0 0.603245 0.757103 0.070796 0.124559
0 0.416667 0.645319 0.048673 0.079846
0 0.430678 0.546310 0.061947 0.124559
0 0.376844 0.484031 0.051622 0.095815
0 0.479351 0.630947 0.064897 0.114978
0 0.540560 0.648513 0.060472 0.111784
0 0.584808 0.667676 0.042773 0.067070
0 0.599558 0.600605 0.036873 0.092621
0 0.637168 0.699614 0.044248 0.073458
0 0.668142 0.757103 0.032448 0.079846
0 0.696903 0.777863 0.030973 0.057489
0 0.735251 0.817786 0.039823 0.054295
0 0.728614 0.760297 0.038348 0.067070
0 0.758850 0.795429 0.042773 0.060683
0 0.796460 0.766684 0.041298 0.092621
0 0.835546 0.808204 0.048673 0.054295
0 0.862094 0.755506 0.063422 0.121365
0 0.634218 0.622962 0.038348 0.099009
0 0.672566 0.632544 0.038348 0.073458
0 0.684366 0.717180 0.047198 0.076652
0 0.707965 0.653304 0.038348 0.083039
0 0.750737 0.704405 0.047198 0.121365
0 0.783186 0.680451 0.041298 0.124559
0 0.829646 0.675660 0.042773 0.095815
0 0.865782 0.640528 0.053097 0.102202
0 0.909292 0.718777 0.057522 0.124559
0 0.921091 0.637334 0.048673 0.089427
0 0.957965 0.666079 0.039823 0.083039
0 0.963127 0.605396 0.023599 0.076652
0 0.944690 0.560683 0.025074 0.063877
0 0.351770 0.305177 0.030973 0.095815
0 0.376844 0.407379 0.045723 0.070264
0 0.342183 0.140695 0.056047 0.111784
0 0.375369 0.043283 0.069322 0.076652
0 0.384218 0.111950 0.051622 0.086233
0 0.407080 0.204571 0.070796 0.137334
0 0.401180 0.325937 0.070796 0.105396
0 0.425516 0.439317 0.054572 0.083039
0 0.470501 0.535132 0.041298 0.089427
0 0.514012 0.554295 0.039823 0.070264
0 0.552360 0.554295 0.039823 0.076652
0 0.586283 0.541520 0.039823 0.063877
0 0.567847 0.496806 0.044248 0.076652
0 0.529499 0.511178 0.041298 0.092621
0 0.499263 0.479240 0.042773 0.092621
0 0.470501 0.428139 0.044248 0.124559
0 0.461652 0.357875 0.050147 0.073458
0 0.466077 0.278029 0.050147 0.092621
0 0.457965 0.196587 0.028024 0.095815
0 0.428466 0.108756 0.054572 0.118172
0 0.466814 0.113547 0.042773 0.127753
0 0.475664 0.032105 0.054572 0.041520
0 0.529499 0.040804 0.056047 0.081608
0 0.512537 0.143888 0.054572 0.105396
0 0.531711 0.217346 0.028024 0.124559
0 0.495575 0.218943 0.038348 0.070264
0 0.509587 0.309967 0.054572 0.105396
0 0.509587 0.394604 0.039823 0.076652
0 0.541298 0.436123 0.032448 0.076652
0 0.544985 0.364262 0.042773 0.079846
0 0.564159 0.303580 0.048673 0.086233
0 0.575959 0.428139 0.036873 0.067070
0 0.603982 0.474449 0.019174 0.063877
0 0.632006 0.469659 0.030973 0.060683
0 0.623894 0.536729 0.038348 0.067070
0 0.671829 0.512775 0.060472 0.076652
0 0.593658 0.383425 0.033923 0.092621
0 0.606195 0.385022 0.038348 0.114978
0 0.642330 0.412170 0.030973 0.035132
0 0.660767 0.375441 0.026549 0.038326
0 0.639381 0.337115 0.033923 0.076652
0 0.632743 0.274835 0.053097 0.099009
0 0.587021 0.239703 0.026549 0.086233
0 0.584808 0.180617 0.039823 0.095815
0 0.565634 0.119935 0.039823 0.070264
0 0.598083 0.126322 0.039823 0.083039
0 0.606195 0.067237 0.029499 0.060683
0 0.646755 0.110353 0.042773 0.108590
0 0.633481 0.159858 0.042773 0.079846
0 0.686578 0.207765 0.060472 0.111784
0 0.683628 0.306774 0.033923 0.079846
0 0.696165 0.338712 0.029499 0.099009
0 0.691003 0.428139 0.054572 0.073458
0 0.661504 0.432930 0.039823 0.089427
0 0.733776 0.576652 0.078171 0.121365
0 0.805310 0.599009 0.035398 0.070264
0 0.784661 0.559086 0.038348 0.073458
0 0.862094 0.552698 0.042773 0.099009
0 0.814897 0.570264 0.042773 0.095815
0 0.760324 0.495209 0.051622 0.067070
0 0.716077 0.488822 0.028024 0.054295
0 0.725664 0.415364 0.038348 0.105396
0 0.729351 0.330727 0.045723 0.102202
0 0.735988 0.270045 0.047198 0.127753
0 0.727139 0.151873 0.050147 0.114978
0 0.689528 0.076818 0.048673 0.118172
0 0.668879 0.040089 0.048673 0.044714
0 0.733776 0.052864 0.054572 0.102202
0 0.768437 0.073624 0.044248 0.111784
0 0.765487 0.147082 0.047198 0.099009
0 0.766224 0.234913 0.036873 0.070264
0 0.782448 0.327533 0.051622 0.121365
0 0.769912 0.418557 0.056047 0.092621
0 0.804572 0.453690 0.036873 0.073458
0 0.825959 0.503194 0.035398 0.070264
0 0.831121 0.452093 0.028024 0.083039
0 0.863569 0.487225 0.028024 0.063877
0 0.898230 0.484031 0.035398 0.089427
0 0.923304 0.448899 0.020649 0.063877
0 0.952802 0.480837 0.032448 0.063877
0 0.927729 0.539923 0.050147 0.054295
0 0.813422 0.151873 0.039823 0.076652
0 0.848820 0.124726 0.054572 0.086233
0 0.829646 0.052864 0.060472 0.089427
0 0.883481 0.155067 0.044248 0.095815
0 0.867257 0.198184 0.035398 0.086233
0 0.839233 0.230122 0.032448 0.105396
0 0.849558 0.297192 0.056047 0.079846
0 0.879794 0.273238 0.051622 0.076652
0 0.935841 0.284417 0.042773 0.111784
0 0.949115 0.373844 0.060472 0.092621
0 0.861357 0.396201 0.047198 0.092621
0 0.901180 0.399395 0.023599 0.041520
0 0.817109 0.393007 0.032448 0.060683