33 0.483038 0.492015 0.072271 0.488655
33 0.521386 0.183811 0.122419 0.121365
33 0.550885 0.327533 0.104720 0.223568
33 0.535398 0.469659 0.123894 0.226762
33 0.607670 0.658094 0.197640 0.252312
33 0.740413 0.539923 0.129794 0.392841
33 0.623156 0.453690 0.128319 0.156497
33 0.637906 0.150276 0.205015 0.220374
33 0.660767 0.293998 0.138643 0.162885
33 0.755900 0.286014 0.089971 0.229955
9 0.918142 0.188602 0.122419 0.194823
9 0.872419 0.314758 0.110619 0.268281
9 0.879794 0.450496 0.104720 0.175660
9 0.955015 0.332324 0.089970 0.245925
9 0.959440 0.533535 0.081120 0.239537
9 0.894543 0.557489 0.098820 0.114978
34 0.764181 0.038831 0.141207 0.074642
34 0.792453 0.128533 0.101597 0.104761
29 0.124688 0.033912 0.042661 0.067824
29 0.165961 0.032524 0.033643 0.063088
29 0.198911 0.027643 0.028787 0.051822
29 0.252844 0.038043 0.047170 0.076085
29 0.230300 0.030157 0.030522 0.060313
29 0.216426 0.006123 0.018036 0.012246
29 0.294464 0.034663 0.038152 0.069326
29 0.327241 0.012883 0.023238 0.025765
43 0.364541 0.245702 0.075882 0.173198
43 0.446319 0.343404 0.078445 0.144331
30 0.329245 0.909585 0.091195 0.170237
30 0.108726 0.913841 0.091981 0.168535
30 0.220362 0.912990 0.117138 0.170237
30 0.103616 0.701045 0.084906 0.240034
30 0.208569 0.701045 0.102987 0.236629
30 0.317453 0.707003 0.084906 0.224713
30 0.391352 0.726581 0.039308 0.209391
30 0.367767 0.518892 0.108491 0.154916
30 0.357547 0.409940 0.103774 0.131082
30 0.259670 0.303542 0.126572 0.170237
30 0.159827 0.344399 0.129717 0.170237
30 0.087893 0.446541 0.055031 0.268974
30 0.153931 0.497612 0.095912 0.217903
30 0.261242 0.504421 0.096698 0.197475
30 0.271069 0.716366 0.047170 0.171939