20 0.421829 0.364262 0.094395 0.111784
20 0.444690 0.394604 0.087021 0.127753
20 0.362094 0.514372 0.098820 0.086233
20 0.357670 0.586233 0.084071 0.063877
20 0.347345 0.670870 0.066372 0.233149
20 0.296460 0.650110 0.067847 0.153304
20 0.305310 0.820979 0.073746 0.092621
20 0.233038 0.768281 0.029499 0.185242
20 0.212389 0.704405 0.035398 0.134141
20 0.180678 0.629350 0.063422 0.162885
20 0.395280 0.790638 0.091445 0.025551
20 0.470501 0.843336 0.088496 0.086233
20 0.602507 0.902422 0.007375 0.012775
20 0.658555 0.835352 0.113569 0.089427
20 0.600295 0.710792 0.094395 0.076652
20 0.562684 0.666079 0.101770 0.063877
20 0.495575 0.621365 0.091445 0.127753
20 0.465339 0.567070 0.084071 0.083039
20 0.510324 0.458480 0.038348 0.172467
20 0.347345 0.442511 0.101770 0.076652
20 0.248525 0.514372 0.036873 0.162885
20 0.218289 0.506388 0.047198 0.153304
20 0.278761 0.528744 0.041298 0.236343
20 0.407817 0.678854 0.081121 0.089427
20 0.450590 0.723568 0.122419 0.051101
20 0.634218 0.514372 0.053097 0.316189
20 0.699115 0.474449 0.120944 0.140528
20 0.675516 0.394604 0.085546 0.134141
20 0.665929 0.677257 0.104720 0.079846
20 0.711652 0.560683 0.036873 0.102202
20 0.591445 0.515969 0.047198 0.204405
20 0.555310 0.525551 0.036873 0.172467
20 0.510324 0.348293 0.032448 0.092621
20 0.466814 0.278029 0.072271 0.067070
20 0.547935 0.289208 0.075221 0.063877
20 0.568584 0.300386 0.036873 0.137334
20 0.617257 0.345099 0.028024 0.150110
20 0.605457 0.317952 0.081121 0.198017
20 0.541298 0.394604 0.029499 0.178854