9 0.742625 0.252259 0.051622 0.099096
9 0.774336 0.292218 0.044248 0.121473
9 0.808260 0.164351 0.085546 0.166226
9 0.847345 0.290619 0.030973 0.188603
33 0.545723 0.423280 0.129794 0.294092
33 0.582596 0.257054 0.215339 0.191799
33 0.668879 0.476025 0.095870 0.322862
33 0.608407 0.677414 0.234513 0.335649
33 0.563422 0.802084 0.165192 0.201389
33 0.461652 0.492008 0.126844 0.425155
33 0.043510 0.225088 0.078171 0.306879
34 0.957965 0.320987 0.084070 0.575398
12 0.404130 0.086971 0.132743 0.173941
31 0.833333 0.860285 0.162242 0.279430
31 0.918142 0.913029 0.163716 0.173941
31 0.901917 0.734954 0.196165 0.194996
31 0.968289 0.857088 0.063422 0.285824
31 0.958702 0.893849 0.032448 0.212301
31 0.862094 0.723766 0.193215 0.153439
31 0.730826 0.832452 0.033923 0.319665
37 0.106932 0.810736 0.160767 0.378527
10 0.248525 0.338569 0.078171 0.169423
10 0.205015 0.503197 0.094395 0.153439
10 0.289823 0.504795 0.075221 0.201389