10 0.595101 0.627728 0.037194 0.112478
10 0.606964 0.557603 0.048095 0.055545
10 0.605040 0.515945 0.035270 0.036104
10 0.572336 0.493032 0.046813 0.051379
10 0.546685 0.529831 0.063486 0.077763
10 0.564320 0.579127 0.042324 0.073597
10 0.558869 0.649946 0.050661 0.087483
10 0.530012 0.672164 0.037835 0.065265
10 0.493138 0.637449 0.035911 0.109701
10 0.451776 0.672859 0.045530 0.094426
10 0.452418 0.595096 0.045530 0.080540
10 0.405925 0.640226 0.058997 0.118033
10 0.393421 0.603428 0.042965 0.049990
10 0.378030 0.568018 0.049378 0.098592
10 0.426446 0.551354 0.037194 0.079151
10 0.451135 0.487478 0.046813 0.062488
10 0.470053 0.517333 0.038476 0.066654
10 0.495062 0.465260 0.037194 0.070820
10 0.502757 0.543023 0.039759 0.062488
10 0.528408 0.479840 0.034629 0.052768
10 0.421637 0.502058 0.035270 0.041659