31 0.625369 0.506388 0.085546 0.146916
31 0.652655 0.528744 0.081121 0.114978
31 0.671829 0.573458 0.087021 0.089427
31 0.697640 0.629350 0.088496 0.092621
31 0.713864 0.686839 0.106195 0.073458
31 0.387168 0.322743 0.095870 0.073458
31 0.418142 0.380232 0.101770 0.099009
31 0.421829 0.431333 0.144543 0.060683
31 0.438791 0.461674 0.113569 0.057489
31 0.491888 0.472852 0.134218 0.035132
31 0.498525 0.517566 0.117994 0.067070
31 0.504425 0.559086 0.123894 0.079846
31 0.530973 0.600605 0.112094 0.086233
31 0.546460 0.651707 0.110619 0.073458
31 0.570796 0.688436 0.097345 0.121365
31 0.577434 0.733149 0.098820 0.172467