20 0.542035 0.642125 0.207965 0.162885
20 0.700590 0.536729 0.188791 0.213986
20 0.584071 0.445705 0.244838 0.306607
20 0.586283 0.412170 0.202065 0.124559
20 0.466077 0.480837 0.061947 0.332158
5 0.569322 0.137501 0.250737 0.143722
5 0.525074 0.222137 0.256637 0.172467
5 0.398230 0.271641 0.103245 0.079846
5 0.640118 0.266851 0.203540 0.089427
10 0.156342 0.163051 0.126844 0.201211
10 0.258112 0.301983 0.144543 0.236343
10 0.121681 0.385022 0.151917 0.210792
10 0.196165 0.549504 0.147493 0.258700
10 0.285398 0.749118 0.160767 0.249118
10 0.132743 0.725165 0.141593 0.169273
10 0.057522 0.504791 0.115044 0.245925
10 0.040560 0.685242 0.066372 0.217180
10 0.319322 0.448899 0.104720 0.178854
2 0.162146 0.055682 0.050708 0.079160
2 0.179245 0.405519 0.049528 0.084267
20 0.442217 0.505107 0.129717 0.354944