2 0.975664 0.672467 0.048672 0.108590
2 0.945428 0.610187 0.053097 0.099009
2 0.976401 0.557489 0.047198 0.108590
2 0.915192 0.535132 0.042773 0.089427
2 0.942478 0.493612 0.041298 0.095815
2 0.979351 0.460077 0.032448 0.092621
2 0.896018 0.450496 0.051622 0.111784
2 0.956490 0.377038 0.060472 0.099009
2 0.991150 0.349890 0.017699 0.095815
2 0.925516 0.397798 0.033923 0.089427
2 0.918879 0.335518 0.032448 0.086233
2 0.885693 0.377038 0.042773 0.073458
2 0.884956 0.290804 0.050147 0.099009
2 0.898230 0.238106 0.035398 0.063877
2 0.935103 0.255672 0.041298 0.086233
2 0.977139 0.254075 0.033923 0.083039
2 0.974189 0.161455 0.036873 0.083039
2 0.929941 0.191796 0.057522 0.060683
2 0.907817 0.142292 0.042773 0.076652
2 0.946903 0.121532 0.035398 0.086233
2 0.943953 0.054461 0.044248 0.073458
2 0.994100 0.060849 0.011799 0.086233
1 0.220501 0.868887 0.060472 0.182048
1 0.278761 0.919988 0.079646 0.156497
1 0.388643 0.941630 0.069322 0.116740
1 0.463864 0.919273 0.066372 0.161454
1 0.351032 0.825770 0.079646 0.236343
1 0.279499 0.776266 0.072271 0.182048
1 0.216814 0.710792 0.061947 0.166079
1 0.236726 0.552698 0.069322 0.194823
1 0.315634 0.621365 0.076696 0.121365
1 0.300147 0.581443 0.066372 0.111784
1 0.429941 0.801816 0.069322 0.194823
1 0.382743 0.627753 0.060472 0.210792
1 0.439528 0.674063 0.053097 0.111784
1 0.491888 0.774669 0.060472 0.159691
1 0.542035 0.784250 0.057522 0.185242
1 0.547198 0.940033 0.100295 0.119934
1 0.625369 0.948017 0.067847 0.103966
1 0.696903 0.916079 0.057522 0.167842
1 0.767699 0.927257 0.075221 0.145485
1 0.835546 0.865693 0.069322 0.194823
1 0.290560 0.484031 0.056047 0.153304
1 0.338496 0.498403 0.057522 0.086233
1 0.367994 0.498403 0.051622 0.086233
1 0.424041 0.563877 0.051622 0.108590
1 0.499263 0.610187 0.063422 0.137334
1 0.469764 0.554295 0.039823 0.121365
1 0.440265 0.484031 0.025074 0.076652
1 0.490413 0.453690 0.051622 0.092621
1 0.518437 0.488822 0.048673 0.092621
1 0.554572 0.525551 0.053097 0.127753
1 0.569322 0.661288 0.053097 0.099009
1 0.604720 0.843336 0.076696 0.175660
1 0.616519 0.704405 0.091445 0.140528
1 0.666667 0.824173 0.053097 0.067070
1 0.675516 0.737940 0.044248 0.111784
1 0.680678 0.635738 0.048673 0.092621
1 0.673304 0.579846 0.051622 0.083039
1 0.593658 0.595815 0.042773 0.095815
1 0.612832 0.511178 0.045723 0.118172
1 0.721976 0.549504 0.028024 0.067070
1 0.727876 0.605396 0.045723 0.076652
1 0.716077 0.683645 0.033923 0.111784
1 0.708702 0.781057 0.036873 0.095815
1 0.732301 0.825770 0.051622 0.089427
1 0.774336 0.790638 0.058997 0.114978
1 0.800147 0.725165 0.072271 0.086233
1 0.828171 0.648513 0.042773 0.118172
1 0.780973 0.573458 0.051622 0.134141
1 0.775811 0.659691 0.047198 0.057489
1 0.745575 0.527148 0.025074 0.092621
1 0.778024 0.452093 0.069322 0.108590
1 0.814159 0.364262 0.047198 0.124559
1 0.718289 0.471256 0.047198 0.102202
1 0.674779 0.474449 0.042773 0.095815
1 0.664454 0.423348 0.030973 0.051101
1 0.681416 0.393007 0.047198 0.086233
1 0.721239 0.397798 0.041298 0.063877
1 0.741888 0.306774 0.041298 0.073458
1 0.738201 0.234913 0.051622 0.076652
1 0.709440 0.273238 0.038348 0.070264
1 0.671091 0.286014 0.038348 0.070264
1 0.680678 0.207765 0.039823 0.073458
1 0.654130 0.179021 0.039823 0.079846
1 0.623156 0.471256 0.051622 0.108590
1 0.646018 0.380232 0.038348 0.092621
1 0.629056 0.316355 0.036873 0.086233
1 0.637906 0.257269 0.039823 0.114978
1 0.612094 0.361069 0.050147 0.073458
1 0.587758 0.380232 0.036873 0.099009
1 0.561947 0.424945 0.047198 0.105396
1 0.522861 0.359472 0.069322 0.140528
1 0.556785 0.292401 0.042773 0.095815
1 0.605457 0.218943 0.033923 0.102202
1 0.568584 0.210959 0.033923 0.092621
1 0.549410 0.148679 0.036873 0.076652
1 0.528761 0.223734 0.048673 0.105396
1 0.511062 0.260463 0.036873 0.076652
1 0.455015 0.402588 0.048673 0.105396
1 0.435103 0.349890 0.032448 0.063877
1 0.401180 0.424945 0.058997 0.150110
1 0.339233 0.410573 0.053097 0.095815
1 0.325221 0.303580 0.069322 0.143722
1 0.382006 0.322743 0.047198 0.079846
1 0.269912 0.317952 0.064897 0.166079
1 0.304572 0.204571 0.072271 0.118172
1 0.370206 0.209362 0.061947 0.121365
1 0.349558 0.087997 0.067847 0.102202
1 0.421091 0.262060 0.045723 0.124559
1 0.429941 0.185408 0.042773 0.060683
1 0.473451 0.290804 0.041298 0.099009
1 0.483776 0.198184 0.032448 0.079846
1 0.493363 0.121532 0.028024 0.092621
1 0.513274 0.155067 0.026549 0.070264
1 0.463864 0.153470 0.030973 0.067070
1 0.432891 0.124726 0.039823 0.079846
1 0.446903 0.087997 0.038348 0.076652
1 0.402655 0.118338 0.029499 0.060683
1 0.394543 0.024835 0.048673 0.049670
1 0.434366 0.020045 0.030973 0.040089
0 0.044248 0.956002 0.088496 0.087996
0 0.113569 0.888050 0.088496 0.150110
0 0.039086 0.840142 0.078171 0.169273
0 0.033923 0.675660 0.067846 0.108590
0 0.087021 0.741134 0.056047 0.124559
0 0.134956 0.753909 0.057522 0.105396
0 0.164454 0.645319 0.051622 0.111784
0 0.129056 0.683645 0.045723 0.073458
0 0.095133 0.610187 0.054572 0.118172
0 0.039086 0.594218 0.057522 0.086233
0 0.011062 0.560683 0.022124 0.095815
0 0.130531 0.619768 0.028024 0.067070
0 0.174779 0.547907 0.060472 0.108590
0 0.119469 0.498403 0.053097 0.111784
0 0.065634 0.507985 0.048673 0.073458
0 0.020649 0.490419 0.041298 0.102202
0 0.044985 0.431333 0.030973 0.073458
0 0.085546 0.431333 0.044248 0.092621
0 0.146755 0.424945 0.033923 0.073458
0 0.192478 0.421751 0.054572 0.105396
0 0.231563 0.375441 0.029499 0.070264
0 0.223451 0.322743 0.042773 0.060683
0 0.235988 0.263657 0.029499 0.063877
0 0.191740 0.338712 0.044248 0.079846
0 0.129794 0.370650 0.047198 0.086233
0 0.090708 0.367456 0.042773 0.092621
0 0.055310 0.370650 0.042773 0.086233
0 0.017699 0.389813 0.035398 0.111784
0 0.022124 0.309967 0.044248 0.073458
0 0.061947 0.286014 0.047198 0.076652
0 0.111357 0.276432 0.051622 0.108590
0 0.148968 0.297192 0.032448 0.054295
0 0.174041 0.297192 0.023599 0.054295
0 0.205752 0.263657 0.051622 0.063877
0 0.173304 0.244494 0.039823 0.076652
0 0.155605 0.209362 0.036873 0.089427
0 0.115782 0.187005 0.057522 0.114978
0 0.081121 0.151873 0.041298 0.063877
0 0.075959 0.214153 0.045723 0.067070
0 0.019174 0.231719 0.038348 0.095815
0 0.037611 0.161455 0.033923 0.083039
0 0.024336 0.094384 0.036873 0.076652
0 0.031711 0.026432 0.063422 0.052864
0 0.071534 0.081609 0.045723 0.076652
0 0.084808 0.021641 0.063422 0.043282
0 0.115044 0.057655 0.041298 0.054295
0 0.166667 0.095981 0.070796 0.118172
0 0.191740 0.187005 0.044248 0.051101
0 0.219764 0.204571 0.023599 0.047907
0 0.268437 0.228525 0.014749 0.076652
0 0.241150 0.191796 0.025074 0.079846
0 0.225664 0.134307 0.053097 0.079846
0 0.227876 0.076818 0.045723 0.079846
0 0.272861 0.099175 0.047198 0.079846
0 0.298673 0.051268 0.033923 0.067070
0 0.168879 0.020926 0.042773 0.031938
0 0.209440 0.022523 0.032448 0.035132
0 0.235988 0.020045 0.029499 0.040089