2 0.337021 0.487225 0.030973 0.070264
2 0.351349 0.539647 0.028445 0.059314
2 0.370839 0.563601 0.037927 0.070720
2 0.401917 0.597820 0.020017 0.038782
2 0.427729 0.611508 0.048462 0.079846
2 0.466182 0.644587 0.041087 0.082127
2 0.516751 0.668541 0.026338 0.066158
2 0.539402 0.671963 0.025284 0.059314
2 0.567847 0.673103 0.021070 0.061595
2 0.598399 0.666260 0.033713 0.061595
2 0.613148 0.648009 0.023177 0.034220
2 0.617889 0.609227 0.030552 0.043345
2 0.593131 0.628618 0.025284 0.031938
2 0.563106 0.617211 0.030552 0.059314
2 0.540982 0.614930 0.026338 0.050189
2 0.517278 0.602383 0.033713 0.057033
2 0.491466 0.562460 0.028445 0.068439
2 0.462495 0.562460 0.033713 0.063877
2 0.427202 0.538507 0.036873 0.066158
2 0.403498 0.549913 0.016856 0.057033
2 0.377577 0.511120 0.024013 0.034242
2 0.364517 0.478052 0.025284 0.063877
2 0.364517 0.430145 0.027391 0.045626
2 0.338180 0.448395 0.025284 0.045626
2 0.369785 0.387940 0.016856 0.047907
2 0.381374 0.398206 0.021070 0.050189
2 0.393741 0.427767 0.023086 0.034715
2 0.380175 0.467017 0.012715 0.045154
2 0.403825 0.489043 0.027464 0.056167
2 0.404079 0.444440 0.028990 0.041850
2 0.402807 0.394880 0.023395 0.033040
2 0.402045 0.362942 0.022887 0.035242
2 0.415522 0.354131 0.016275 0.028634
2 0.421371 0.361841 0.018818 0.035242
2 0.434340 0.378911 0.029499 0.045154
2 0.426966 0.410849 0.031024 0.058370
2 0.437392 0.468118 0.034584 0.058370
2 0.449344 0.450497 0.026956 0.040749
2 0.455193 0.424065 0.026447 0.053965
2 0.459516 0.376158 0.017801 0.050661
2 0.444767 0.337061 0.024921 0.049559
2 0.464347 0.321092 0.015258 0.017621
2 0.469942 0.334858 0.025430 0.040749
2 0.484437 0.382766 0.031024 0.050661
2 0.486726 0.438382 0.036619 0.069383
2 0.454430 0.505012 0.015766 0.044053
2 0.473502 0.498404 0.029499 0.061674
2 0.495880 0.511620 0.024413 0.050661
2 0.515970 0.509417 0.018818 0.037445
2 0.520293 0.556223 0.031533 0.047357
2 0.536822 0.566135 0.017801 0.051762
2 0.560218 0.567787 0.027973 0.052863
2 0.589971 0.568889 0.035602 0.079295
2 0.551826 0.530893 0.035602 0.040749
2 0.530719 0.489043 0.030007 0.067180
2 0.511647 0.430673 0.028481 0.073788
2 0.525379 0.378360 0.028481 0.059471
2 0.515207 0.329352 0.033567 0.053965
2 0.490286 0.340916 0.015258 0.037445
2 0.541400 0.458206 0.026956 0.058370
2 0.546740 0.417457 0.026447 0.051762
2 0.543943 0.377810 0.016784 0.038546
2 0.569372 0.459858 0.028990 0.048458
2 0.568864 0.500056 0.023904 0.040749
2 0.599634 0.473074 0.025430 0.039647
2 0.595565 0.511069 0.022378 0.029736
2 0.606246 0.536950 0.021361 0.039647
2 0.618198 0.508867 0.021870 0.045154
2 0.619723 0.557325 0.026956 0.045154