40 0.711652 0.450496 0.237463 0.571695
40 0.603982 0.309967 0.213864 0.405616
40 0.431416 0.503194 0.237463 0.402422
40 0.080383 0.677257 0.160766 0.622796
40 0.270649 0.826652 0.296460 0.346696
40 0.526549 0.801101 0.412979 0.397798
40 0.704277 0.927257 0.264012 0.145485
40 0.318584 0.507985 0.168142 0.380065
2 0.099646 0.377429 0.055425 0.104696
20 0.050708 0.025926 0.091981 0.051851
20 0.063090 0.081217 0.126179 0.150660
20 0.099057 0.220386 0.122642 0.148106
20 0.194575 0.082494 0.106132 0.132785
20 0.331958 0.104199 0.145047 0.181302
20 0.173349 0.302100 0.110849 0.199177
20 0.224646 0.198681 0.137972 0.155767
20 0.408608 0.099092 0.121462 0.181302
20 0.057193 0.231877 0.112028 0.206838
20 0.123231 0.088488 0.036557 0.176975