36 0.744838 0.987122 0.046517 0.025755
36 0.701725 0.979752 0.044248 0.040496
36 0.608691 0.961326 0.035171 0.077348
36 0.644997 0.956412 0.028364 0.087175
36 0.610393 0.877202 0.036306 0.105642
36 0.643295 0.877202 0.047651 0.066333
36 0.674495 0.934936 0.035171 0.093358
36 0.706263 0.922652 0.046517 0.073704
36 0.743136 0.927566 0.022691 0.093358
36 0.764125 0.939850 0.014749 0.068790
36 0.823122 0.955819 0.073746 0.061420
36 0.793057 0.921424 0.027229 0.066333
36 0.860563 0.875973 0.041979 0.103185
36 0.831064 0.813325 0.014749 0.066333
36 0.816882 0.852634 0.047651 0.110555
36 0.783413 0.850177 0.041979 0.076160
36 0.734059 0.848948 0.018153 0.068790
36 0.713070 0.877202 0.039710 0.081074
36 0.683004 0.861232 0.031768 0.083531
36 0.643862 0.831751 0.028364 0.073704
36 0.646131 0.770331 0.037440 0.068790
36 0.639324 0.718739 0.046517 0.044222
36 0.616633 0.789986 0.028364 0.093358
36 0.665419 0.695399 0.028364 0.090901
36 0.681870 0.781387 0.024960 0.100728
36 0.718743 0.789986 0.041979 0.093358
36 0.706830 0.735936 0.034037 0.073704
36 0.694917 0.702770 0.035171 0.081074
36 0.735761 0.721195 0.032902 0.063877
36 0.752780 0.792442 0.035171 0.068790
36 0.773202 0.732251 0.041979 0.076160
36 0.798729 0.785072 0.045382 0.083531
34 0.606989 0.335480 0.095303 0.201457
34 0.534944 0.358819 0.085092 0.189173
34 0.494668 0.447263 0.106649 0.149864
34 0.577490 0.485344 0.079419 0.162148
34 0.634786 0.469375 0.044248 0.164605
34 0.525868 0.551677 0.112321 0.098272
34 0.535512 0.635208 0.029499 0.108099
30 0.756183 0.066461 0.153165 0.125296
30 0.691514 0.215097 0.069208 0.235852
30 0.741434 0.411640 0.121398 0.240765
30 0.798673 0.202974 0.163717 0.261894
30 0.858407 0.463271 0.120944 0.392841
30 0.899705 0.082324 0.200590 0.164648
30 0.932891 0.231719 0.134218 0.236343
30 0.953540 0.523954 0.092920 0.418391