12 0.087758 0.051983 0.175516 0.103966
12 0.033923 0.095981 0.067846 0.137334
12 0.207227 0.079130 0.154867 0.158260
12 0.297935 0.056774 0.106195 0.113547
12 0.278024 0.169439 0.072271 0.150110
12 0.151180 0.142292 0.113569 0.146916
12 0.028024 0.241300 0.056047 0.300220
12 0.073009 0.190199 0.045723 0.210792
12 0.171829 0.255672 0.025074 0.073458
12 0.231563 0.167842 0.067847 0.089427
12 0.350295 0.092787 0.054572 0.086233
29 0.013274 0.562280 0.026548 0.265087
29 0.053097 0.752312 0.064897 0.281057
29 0.081121 0.410573 0.058997 0.306607
29 0.047198 0.528744 0.044248 0.185242
29 0.041298 0.922467 0.041298 0.155066
29 0.019912 0.889647 0.039823 0.159691
29 0.103245 0.946420 0.032448 0.107159
29 0.148230 0.967180 0.069322 0.065640
29 0.186578 0.909691 0.039823 0.180617
29 0.227139 0.946420 0.041298 0.107159
29 0.261799 0.911288 0.036873 0.177424
29 0.294985 0.957599 0.032448 0.084802
29 0.342920 0.927257 0.054572 0.145485
29 0.410767 0.893722 0.048673 0.212556
29 0.444690 0.906497 0.039823 0.187005
29 0.482301 0.965583 0.035398 0.068834
29 0.530236 0.971971 0.045723 0.056058
29 0.098820 0.682048 0.067847 0.229955
29 0.133481 0.317952 0.057522 0.281057
29 0.142330 0.551101 0.069322 0.249118
29 0.162242 0.709196 0.058997 0.277863
29 0.210914 0.726762 0.047198 0.287444
29 0.216814 0.348293 0.053097 0.284250
29 0.214602 0.515969 0.057522 0.166079
29 0.253687 0.696420 0.044248 0.233149
29 0.266224 0.477643 0.063422 0.306607
29 0.289086 0.769878 0.047198 0.252312
29 0.363569 0.835352 0.051622 0.172467
29 0.345133 0.715583 0.050147 0.252312
29 0.309735 0.551101 0.029499 0.249118
29 0.351032 0.509581 0.038348 0.191630
29 0.405605 0.656497 0.064897 0.236343
29 0.444690 0.638931 0.057522 0.213986
29 0.485988 0.851321 0.042773 0.178854
29 0.530973 0.899228 0.044248 0.153304
43 0.477139 0.381828 0.154867 0.191630
43 0.387168 0.332324 0.110619 0.150110
43 0.485988 0.274835 0.087021 0.099009
43 0.578171 0.317952 0.138643 0.172467
43 0.503687 0.552698 0.087021 0.258700
43 0.436578 0.492015 0.103245 0.086233
43 0.576696 0.447302 0.094395 0.182048
43 0.659292 0.469659 0.091445 0.245925
43 0.591445 0.592621 0.117994 0.274669
43 0.589233 0.698017 0.101770 0.236343
43 0.662979 0.651707 0.084071 0.194823
9 0.429941 0.045595 0.107670 0.091190
9 0.473451 0.132710 0.103245 0.166079
9 0.528761 0.075937 0.113569 0.151873
9 0.622419 0.051983 0.132743 0.103966
9 0.671829 0.053580 0.140118 0.107159
9 0.767699 0.056774 0.081121 0.113547
9 0.839971 0.070431 0.054572 0.092621
9 0.757375 0.131113 0.054572 0.213986
9 0.797198 0.124726 0.048673 0.162885
9 0.738201 0.246091 0.066372 0.143722
9 0.631268 0.147082 0.112094 0.150110
9 0.716814 0.199780 0.070796 0.236343
9 0.546460 0.159858 0.087021 0.099009
8 0.892330 0.244494 0.168142 0.357708
2 0.949115 0.075221 0.045723 0.083039
2 0.906342 0.036895 0.045723 0.051101
2 0.953540 0.016851 0.066372 0.033702
2 0.980088 0.051983 0.022124 0.103966
43 0.907080 0.501597 0.064897 0.099009
43 0.936578 0.503194 0.070796 0.178854
43 0.955752 0.591024 0.044248 0.130947
43 0.977876 0.458480 0.041298 0.089427
37 0.980088 0.562280 0.028024 0.130947
37 0.754425 0.546310 0.084071 0.124559
37 0.784661 0.599009 0.061947 0.076652
37 0.739676 0.654901 0.054572 0.060683
37 0.709440 0.793832 0.061947 0.063877
37 0.670354 0.814592 0.054572 0.105396
37 0.665929 0.902422 0.054572 0.089427
37 0.683628 0.976762 0.045723 0.046476
37 0.713864 0.932763 0.050147 0.067070
37 0.735988 0.844933 0.032448 0.070264
37 0.769912 0.828964 0.035398 0.146916
37 0.753687 0.932763 0.035398 0.079846
37 0.764749 0.971971 0.048673 0.056058
37 0.808260 0.960792 0.044248 0.078415
37 0.799410 0.878468 0.035398 0.092621
37 0.804572 0.773072 0.039823 0.060683
37 0.831858 0.838545 0.032448 0.089427
37 0.856195 0.881662 0.069322 0.105396
37 0.873894 0.793832 0.051622 0.070264
37 0.837758 0.760297 0.026549 0.073458
37 0.800885 0.720374 0.053097 0.070264
37 0.818584 0.624559 0.041298 0.070264
37 0.831121 0.552698 0.039823 0.092621
37 0.855457 0.645319 0.044248 0.111784
37 0.882006 0.721971 0.041298 0.060683
37 0.912242 0.790638 0.022124 0.038326
37 0.931416 0.817786 0.042773 0.067070
37 0.935103 0.905616 0.047198 0.108590
37 0.907080 0.867290 0.058997 0.076652
37 0.884218 0.981552 0.063422 0.036895
37 0.980088 0.959196 0.039823 0.081608
37 0.947640 0.976762 0.066372 0.046476
37 0.963864 0.872081 0.039823 0.067070
37 0.985251 0.836949 0.029498 0.067070
37 0.969764 0.798623 0.036873 0.079846
37 0.980088 0.760297 0.039823 0.073458
37 0.979351 0.713986 0.038348 0.063877
37 0.901180 0.661288 0.047198 0.079846
37 0.945428 0.706002 0.053097 0.137334
37 0.918879 0.760297 0.041298 0.079846