9 0.949115 0.710979 0.101770 0.210979
9 0.930678 0.774912 0.138643 0.153439
9 0.895280 0.841105 0.168142 0.317790
9 0.821534 0.850033 0.138643 0.239749
33 0.542035 0.581515 0.249263 0.482695
12 0.230826 0.607088 0.193215 0.540234
9 0.056014 0.381155 0.112028 0.342479
9 0.047170 0.635458 0.094340 0.222356
9 0.056014 0.874427 0.112028 0.245358
9 0.563090 0.023171 0.137972 0.046342
36 0.955778 0.117906 0.076651 0.204465
36 0.817217 0.092348 0.165094 0.148237
36 0.876769 0.226528 0.178066 0.120123
33 0.478184 0.915320 0.378538 0.143126