0 0.020649 0.640528 0.041298 0.134141
0 0.018437 0.551101 0.036873 0.089427
0 0.008112 0.447302 0.016224 0.130947
0 0.005162 0.340309 0.010324 0.108590
0 0.009587 0.246091 0.019174 0.099009
0 0.032448 0.132710 0.064896 0.127753
0 0.019912 0.043283 0.039823 0.070264
0 0.046460 0.054461 0.036873 0.054295
0 0.058997 0.026432 0.056047 0.052864
0 0.070059 0.078415 0.025074 0.063877
0 0.073009 0.126322 0.039823 0.063877
0 0.043510 0.220540 0.057522 0.111784
0 0.062684 0.348293 0.054572 0.092621
0 0.034661 0.305177 0.033923 0.076652
0 0.043510 0.442511 0.048673 0.114978
0 0.087021 0.500000 0.070796 0.108590
0 0.081121 0.606993 0.082596 0.124559
0 0.157080 0.552698 0.081121 0.150110
0 0.139381 0.466465 0.033923 0.086233
0 0.106195 0.397798 0.050147 0.095815
0 0.124631 0.349890 0.039823 0.057489
0 0.078909 0.303580 0.057522 0.073458
0 0.092920 0.265254 0.038348 0.067070
0 0.099558 0.220540 0.042773 0.060683
0 0.105457 0.102369 0.045723 0.124559
0 0.115044 0.029626 0.061947 0.059252
0 0.137906 0.159858 0.039823 0.067070
0 0.169617 0.086400 0.041298 0.067070
0 0.191003 0.023238 0.057522 0.046476
0 0.121681 0.258866 0.045723 0.073458
0 0.155605 0.270045 0.025074 0.089427
0 0.157817 0.399395 0.053097 0.105396
0 0.200590 0.353084 0.041298 0.089427
0 0.194690 0.490419 0.053097 0.121365
0 0.226401 0.445705 0.042773 0.083039
0 0.240413 0.391410 0.047198 0.089427
0 0.275811 0.329130 0.056047 0.086233
0 0.231563 0.319549 0.029499 0.079846
0 0.222714 0.279626 0.029499 0.076652
0 0.189528 0.273238 0.033923 0.083039
0 0.172566 0.214153 0.032448 0.047907
0 0.201327 0.132710 0.039823 0.089427
0 0.230088 0.163051 0.041298 0.092621
0 0.245575 0.231719 0.033923 0.051101
0 0.206490 0.223734 0.032448 0.054295
0 0.275074 0.266851 0.016224 0.031938
0 0.308260 0.297192 0.020649 0.067070
0 0.323009 0.233316 0.035398 0.047907
0 0.289086 0.238106 0.011799 0.044714
0 0.270649 0.145485 0.045723 0.114978
0 0.232301 0.049671 0.028024 0.057489
0 0.259587 0.048074 0.029499 0.054295
0 0.287611 0.051268 0.023599 0.047907
0 0.269912 0.010463 0.038348 0.020926
0 0.301622 0.024120 0.022124 0.025551
0 0.317109 0.188602 0.044248 0.073458
0 0.354720 0.196587 0.030973 0.057489
0 0.377581 0.171036 0.023599 0.044714
0 0.369469 0.124726 0.045723 0.079846
0 0.384218 0.072027 0.039823 0.057489
0 0.325959 0.139098 0.050147 0.063877
0 0.311209 0.092787 0.032448 0.060683
0 0.333333 0.075221 0.035398 0.057489
0 0.380531 0.027314 0.026549 0.038326
0 0.344395 0.026432 0.045723 0.052864
1 0.273599 0.563877 0.075221 0.146916
1 0.321534 0.589427 0.070796 0.146916
1 0.276549 0.461674 0.051622 0.102202
1 0.306047 0.383425 0.054572 0.079846
1 0.333333 0.461674 0.070796 0.127753
1 0.402655 0.527148 0.079646 0.194823
1 0.438791 0.606993 0.072271 0.169273
1 0.463127 0.541520 0.038348 0.089427
1 0.512537 0.611784 0.069322 0.178854
1 0.612094 0.658094 0.091445 0.169273
1 0.692478 0.688436 0.066372 0.166079
1 0.612094 0.576652 0.067847 0.102202
1 0.593658 0.482434 0.069322 0.182048
1 0.536873 0.512775 0.067847 0.121365
1 0.481563 0.466465 0.060472 0.130947
1 0.441003 0.404185 0.058997 0.127753
1 0.365782 0.397798 0.061947 0.070264
1 0.359882 0.343503 0.041298 0.070264
1 0.348083 0.292401 0.056047 0.083039
1 0.365782 0.225331 0.026549 0.063877
1 0.395280 0.255672 0.053097 0.079846
1 0.407080 0.308370 0.044248 0.108590
1 0.423304 0.164648 0.050147 0.083039
1 0.441003 0.209362 0.047198 0.070264
1 0.448378 0.265254 0.056047 0.079846
1 0.466814 0.293998 0.045723 0.105396
1 0.542035 0.349890 0.045723 0.051101
1 0.555310 0.413767 0.057522 0.070264
1 0.600295 0.343503 0.053097 0.095815
1 0.634956 0.424945 0.033923 0.086233
1 0.662242 0.533535 0.073746 0.156497
1 0.757375 0.666079 0.078171 0.191630
1 0.851770 0.662885 0.069322 0.146916
1 0.923304 0.614978 0.076696 0.191630
1 0.840708 0.547907 0.073746 0.089427
1 0.767699 0.541520 0.039823 0.044714
1 0.723451 0.552698 0.042773 0.092621
1 0.730826 0.493612 0.033923 0.057489
1 0.686578 0.432930 0.066372 0.076652
1 0.744100 0.466465 0.022124 0.060683
1 0.780973 0.444108 0.033923 0.067070
1 0.834071 0.445705 0.069322 0.095815
1 0.823746 0.377038 0.060472 0.073458
1 0.851032 0.343503 0.035398 0.089427
1 0.760324 0.386619 0.033923 0.092621
1 0.723451 0.397798 0.048673 0.070264
1 0.654867 0.364262 0.061947 0.073458
1 0.508112 0.327533 0.054572 0.127753
1 0.475664 0.246091 0.054572 0.092621
1 0.468289 0.180617 0.025074 0.076652
1 0.459440 0.126322 0.033923 0.076652
1 0.494100 0.143888 0.026549 0.073458
1 0.501475 0.191796 0.047198 0.054295
1 0.522861 0.233316 0.045723 0.079846
1 0.543510 0.194990 0.030973 0.047907
1 0.559735 0.214153 0.033923 0.028744
1 0.591445 0.206168 0.035398 0.031938
1 0.609882 0.257269 0.028024 0.051101
1 0.566372 0.271641 0.053097 0.073458
1 0.647493 0.239703 0.038348 0.060683
1 0.631268 0.297192 0.020649 0.054295
1 0.672566 0.271641 0.035398 0.067070
1 0.687316 0.230122 0.038348 0.054295
1 0.715339 0.241300 0.029499 0.044714
1 0.707227 0.341906 0.048673 0.060683
1 0.725664 0.316355 0.044248 0.060683
1 0.738938 0.266851 0.035398 0.076652
1 0.768437 0.293998 0.035398 0.067070
2 0.984513 0.420154 0.030973 0.089427
2 0.960914 0.386619 0.036873 0.067070
2 0.935841 0.337115 0.051622 0.114978
2 0.904867 0.293998 0.022124 0.067070
2 0.977876 0.343503 0.035398 0.070264
2 0.995575 0.303580 0.008850 0.079846
2 0.978614 0.276432 0.042772 0.083039
2 0.950590 0.214153 0.036873 0.079846
2 0.904867 0.234913 0.048673 0.070264
2 0.914454 0.156664 0.044248 0.073458
2 0.935103 0.105563 0.029499 0.060683
2 0.948378 0.131113 0.029499 0.073458
2 0.977139 0.137501 0.036873 0.054295
2 0.983038 0.199780 0.030973 0.063877
2 0.984513 0.065640 0.030973 0.063877