7 0.120206 0.171036 0.125369 0.223568
7 0.121681 0.415364 0.101770 0.188436
7 0.190265 0.292401 0.109145 0.236343
7 0.260324 0.102369 0.095870 0.156497
7 0.303097 0.297192 0.122419 0.233149
8 0.101032 0.698017 0.087021 0.274669
8 0.064897 0.924063 0.117994 0.151873
8 0.390118 0.119935 0.098820 0.198017
8 0.651180 0.164648 0.075221 0.159691
8 0.719764 0.563877 0.091445 0.191630
10 0.021386 0.212556 0.042772 0.166079
10 0.039086 0.377038 0.078171 0.207599
10 0.016224 0.533535 0.032448 0.156497
5 0.452065 0.257269 0.036873 0.095815
5 0.435103 0.313161 0.044248 0.105396
5 0.466814 0.359472 0.048673 0.108590
5 0.449853 0.444108 0.041298 0.099009
5 0.486726 0.463271 0.050147 0.105396
5 0.506637 0.551101 0.048673 0.114978
5 0.550885 0.551101 0.045723 0.102202
5 0.524336 0.472852 0.033923 0.099009
5 0.505162 0.391410 0.033923 0.089427
5 0.475664 0.286014 0.048673 0.095815
5 0.502212 0.226928 0.039823 0.105396
5 0.522124 0.287611 0.053097 0.092621
5 0.549410 0.380232 0.051622 0.092621
5 0.584808 0.543117 0.036873 0.099009
5 0.561947 0.471256 0.053097 0.070264
5 0.544985 0.217346 0.045723 0.086233
5 0.561947 0.295595 0.053097 0.083039
5 0.588496 0.210959 0.038348 0.099009
5 0.606932 0.274835 0.028024 0.092621
5 0.596608 0.359472 0.048673 0.102202
5 0.611357 0.448899 0.042773 0.076652
5 0.631268 0.522357 0.038348 0.089427
5 0.638643 0.437720 0.026549 0.073458
5 0.634956 0.364262 0.028024 0.073458
5 0.633481 0.292401 0.025074 0.038326
5 0.661504 0.356278 0.030973 0.083039
5 0.661504 0.407379 0.030973 0.063877
4 0.720501 0.396201 0.039823 0.079846
4 0.745575 0.330727 0.054572 0.057489
4 0.761799 0.301983 0.039823 0.063877
4 0.795723 0.187005 0.045723 0.089427
4 0.791298 0.255672 0.036873 0.079846
4 0.785398 0.346696 0.036873 0.070264
4 0.779499 0.412170 0.036873 0.086233
4 0.831121 0.453690 0.051622 0.054295
4 0.873894 0.436123 0.033923 0.083039
4 0.859882 0.369053 0.038348 0.089427
4 0.838496 0.316355 0.039823 0.079846
4 0.825959 0.265254 0.035398 0.086233
4 0.844395 0.220540 0.030973 0.060683
4 0.869469 0.201377 0.030973 0.073458
4 0.889381 0.249285 0.047198 0.073458
4 0.924041 0.295595 0.028024 0.051101
4 0.894543 0.337115 0.030973 0.095815
4 0.901917 0.432930 0.045723 0.051101
4 0.928466 0.408976 0.036873 0.060683
4 0.939528 0.338712 0.047198 0.079846
4 0.966077 0.463271 0.047198 0.079846
43 0.821534 0.554295 0.091445 0.114978
43 0.903392 0.603799 0.128319 0.130947
43 0.969027 0.694823 0.061946 0.204405
43 0.787611 0.650110 0.109145 0.146916
43 0.783923 0.742731 0.072271 0.114978
43 0.797935 0.828964 0.053097 0.159691
43 0.863569 0.704405 0.075221 0.178854
43 0.936578 0.752312 0.070796 0.210792
43 0.961652 0.817786 0.076696 0.130947
43 0.847345 0.817786 0.069322 0.150110
2 0.845133 0.926376 0.035398 0.092621
2 0.873156 0.983149 0.038348 0.033702
2 0.885693 0.926376 0.048673 0.060683
2 0.934366 0.916794 0.036873 0.073458
2 0.945428 0.978359 0.053097 0.043282
2 0.988201 0.959196 0.023598 0.081608
2 0.640855 0.766684 0.025074 0.073458
8 0.485988 0.701211 0.107670 0.198017
9 0.602507 0.721971 0.087021 0.169273
9 0.538348 0.892125 0.094395 0.215750
9 0.593658 0.848127 0.054572 0.198017
9 0.666667 0.721971 0.070796 0.233149
9 0.701327 0.789041 0.057522 0.175660
9 0.734513 0.883259 0.061947 0.191630
9 0.662979 0.908094 0.110619 0.183811
12 0.282448 0.587830 0.134218 0.233149
12 0.225664 0.659691 0.103245 0.191630
12 0.162979 0.731552 0.045723 0.277863
12 0.190265 0.912885 0.109145 0.174230
12 0.244100 0.805010 0.134218 0.175660
12 0.320059 0.922467 0.209440 0.155066
12 0.303835 0.712389 0.094395 0.169273
12 0.367257 0.685242 0.067847 0.242731
12 0.352507 0.814592 0.123894 0.143722