23 0.061209 0.693226 0.122418 0.245925
23 0.022861 0.485628 0.045722 0.162885
23 0.062684 0.359472 0.125368 0.198017
23 0.061947 0.201377 0.123894 0.188436
23 0.117257 0.100772 0.087021 0.198017
23 0.207965 0.183811 0.058997 0.121365
23 0.208702 0.115144 0.066372 0.086233
23 0.243363 0.039208 0.082596 0.078415
23 0.051622 0.040804 0.103244 0.081608
23 0.132006 0.413767 0.060472 0.178854
39 0.232301 0.394604 0.154867 0.229955
39 0.306047 0.458480 0.175516 0.198017
39 0.345133 0.694823 0.188791 0.389647
39 0.194690 0.667676 0.162242 0.220374
39 0.420354 0.337115 0.150442 0.370484
39 0.362832 0.255672 0.109145 0.182048
39 0.296460 0.187005 0.135693 0.178854
39 0.486726 0.463271 0.109145 0.252312
39 0.611357 0.493612 0.116519 0.293832
39 0.670354 0.567070 0.078171 0.255506
39 0.536873 0.634141 0.079646 0.191630
39 0.444690 0.626156 0.072271 0.245925
15 0.824882 0.294439 0.130896 0.183856
15 0.933373 0.152717 0.071934 0.094481