43 0.697640 0.198184 0.123894 0.188436
43 0.783923 0.199780 0.116519 0.127753
43 0.806785 0.319549 0.115044 0.182048
43 0.762537 0.416961 0.056047 0.198017
43 0.813422 0.416961 0.075221 0.191630
43 0.859882 0.432930 0.047198 0.166079
43 0.830383 0.525551 0.053097 0.140528
8 0.091445 0.157379 0.156342 0.314758
8 0.215339 0.106278 0.165192 0.212556
31 0.013274 0.845815 0.026548 0.308370
31 0.059735 0.845815 0.039823 0.308370
31 0.090708 0.829846 0.051622 0.340308
31 0.092920 0.527148 0.038348 0.354515
31 0.127581 0.852202 0.057522 0.295595
31 0.154130 0.856993 0.048673 0.286014
31 0.202802 0.866575 0.060472 0.266850
31 0.264749 0.729955 0.057522 0.376871
31 0.280973 0.821861 0.051622 0.356278
31 0.224189 0.595815 0.017699 0.249118
31 0.198378 0.606993 0.054572 0.316189
31 0.179941 0.576652 0.047198 0.312995
31 0.155605 0.567070 0.057522 0.274669
12 0.393805 0.058370 0.179941 0.116740
12 0.496313 0.087997 0.178466 0.070264
12 0.546460 0.034417 0.146018 0.068834
12 0.595133 0.078415 0.036873 0.095815
29 0.337021 0.426542 0.107670 0.274669
29 0.359882 0.523954 0.091445 0.265087
29 0.424779 0.658094 0.076696 0.233149
29 0.403392 0.325937 0.098820 0.297026
29 0.464602 0.514372 0.115044 0.239537
29 0.502950 0.698017 0.094395 0.249118
29 0.479351 0.872962 0.126844 0.254075
29 0.558260 0.831443 0.104720 0.337114
29 0.585546 0.677257 0.076696 0.233149
29 0.620944 0.650110 0.079646 0.223568
29 0.539823 0.375441 0.053097 0.140528
29 0.519912 0.286014 0.092920 0.223568
29 0.575221 0.290804 0.120944 0.201211
29 0.619469 0.468062 0.106195 0.229955
29 0.683628 0.493612 0.095870 0.274669
29 0.751475 0.696420 0.075221 0.354515
29 0.706490 0.704405 0.082596 0.281057
29 0.719027 0.848127 0.101770 0.172467
29 0.618732 0.848127 0.060472 0.261894
29 0.668142 0.891244 0.041298 0.201211
9 0.720501 0.053580 0.125369 0.107159
9 0.807522 0.039208 0.101770 0.078415
9 0.869469 0.077533 0.081121 0.155066
9 0.933628 0.087115 0.070796 0.174230
9 0.973451 0.087115 0.044248 0.174230
9 0.893068 0.151873 0.098820 0.121365
37 0.952802 0.442511 0.094395 0.198017
37 0.946165 0.528744 0.078171 0.229955
37 0.909292 0.611784 0.087021 0.242731
37 0.893805 0.721971 0.088496 0.194823
37 0.935103 0.701211 0.117994 0.249118
37 0.937316 0.795429 0.087021 0.226762
37 0.978614 0.870484 0.042772 0.217180