34 0.341900 0.152896 0.238370 0.257551
34 0.268437 0.367456 0.141593 0.277863
34 0.598820 0.322743 0.082596 0.271475
34 0.620206 0.512775 0.125369 0.325770
34 0.713864 0.506388 0.094395 0.261894
34 0.679941 0.646916 0.106195 0.114978
30 0.896755 0.329130 0.141593 0.322576
18 0.733776 0.060849 0.095870 0.060683
18 0.722714 0.142292 0.132743 0.089427
18 0.716814 0.185408 0.115044 0.150110
18 0.646755 0.092787 0.113569 0.130947
18 0.724189 0.271641 0.103245 0.143722
15 0.429245 0.358278 0.047170 0.091928
15 0.836085 0.046354 0.058962 0.092708
15 0.906840 0.028479 0.051887 0.056958
15 0.405660 0.455313 0.058962 0.066392
15 0.394458 0.538303 0.060142 0.084267
15 0.462854 0.381260 0.048349 0.086821
15 0.487618 0.327635 0.043632 0.071500
33 0.475825 0.933217 0.079009 0.133565
33 0.590802 0.957476 0.115566 0.085048