2 0.508235 0.931671 0.052852 0.125091
2 0.556785 0.855818 0.041790 0.111784
2 0.600418 0.795933 0.052852 0.114445
2 0.460914 0.857148 0.036873 0.103799
2 0.503933 0.838518 0.036873 0.071861
2 0.541421 0.769318 0.040560 0.087830
2 0.417896 0.834525 0.039331 0.127753
2 0.385939 0.797264 0.039331 0.085169
2 0.355211 0.730726 0.046706 0.127753
2 0.339848 0.665519 0.025811 0.066538
2 0.330015 0.606965 0.043019 0.093153
2 0.364430 0.617612 0.035644 0.061215
2 0.400688 0.622935 0.046706 0.093153
2 0.427114 0.657534 0.033186 0.087830
2 0.400688 0.717419 0.031957 0.090492
2 0.446780 0.749357 0.055310 0.111784
2 0.487955 0.713426 0.046706 0.109122
2 0.459071 0.637573 0.033186 0.063877
2 0.532203 0.680157 0.041790 0.101138
2 0.572763 0.689473 0.039331 0.087830
2 0.608407 0.704111 0.041790 0.085169
2 0.634218 0.664188 0.046706 0.106461
2 0.645895 0.592327 0.047935 0.101138
2 0.585054 0.626927 0.044248 0.085169
2 0.546337 0.626927 0.030728 0.069200
2 0.503933 0.621604 0.036873 0.085169
2 0.532817 0.547081 0.052852 0.106461
2 0.479966 0.575027 0.045477 0.077184
2 0.430187 0.563050 0.034415 0.074523
2 0.465831 0.541758 0.036873 0.074523
2 0.401917 0.567043 0.031957 0.050569
2 0.366273 0.541758 0.034415 0.085169
2 0.334931 0.464574 0.033186 0.079846
2 0.340462 0.548412 0.024582 0.039923
2 0.364430 0.489858 0.035644 0.055892
2 0.401303 0.507158 0.025811 0.069200
2 0.437561 0.471228 0.039331 0.093153
2 0.480580 0.465905 0.046706 0.093153
2 0.528515 0.480543 0.034415 0.069200
2 0.566003 0.469897 0.035644 0.069200
2 0.576450 0.545750 0.036873 0.082507
2 0.609636 0.544420 0.029499 0.074523
2 0.609636 0.467236 0.041790 0.095815
2 0.642207 0.489858 0.035644 0.087830
2 0.674164 0.532443 0.040560 0.087830
2 0.711037 0.539097 0.033186 0.079846
2 0.723328 0.471228 0.045477 0.082507
2 0.763274 0.440620 0.046706 0.090492
2 0.782325 0.384728 0.038102 0.079846
2 0.755900 0.338152 0.046706 0.098476
2 0.723943 0.398036 0.041790 0.085169
2 0.685841 0.464574 0.039331 0.085169
2 0.683997 0.382067 0.040560 0.095815
2 0.650197 0.425982 0.031957 0.055892
2 0.618240 0.386059 0.044248 0.087830
2 0.576450 0.395374 0.044248 0.095815
2 0.536504 0.396705 0.045477 0.098476
2 0.399459 0.435297 0.041790 0.079846
2 0.365044 0.432636 0.029499 0.074523
2 0.358899 0.383398 0.029499 0.061215
2 0.389626 0.375413 0.024582 0.050569
2 0.409907 0.347467 0.030728 0.069200
2 0.422198 0.392713 0.035644 0.058553
2 0.455998 0.380736 0.031957 0.071861
2 0.491642 0.398036 0.039331 0.063877
2 0.435103 0.316860 0.029499 0.055892
2 0.407448 0.288914 0.023353 0.079846
2 0.426500 0.247660 0.027040 0.061215
2 0.449853 0.264960 0.034415 0.063877
2 0.463987 0.233022 0.038102 0.063877
2 0.460914 0.312867 0.027040 0.058553
2 0.486726 0.355452 0.031957 0.037261
2 0.519297 0.334160 0.023353 0.047907
2 0.487955 0.299560 0.034415 0.090492
2 0.499017 0.226368 0.036873 0.061215
2 0.515610 0.263629 0.028269 0.066538
2 0.554941 0.314198 0.045477 0.077184
2 0.546952 0.250322 0.034415 0.061215
2 0.538348 0.190437 0.024582 0.069200
2 0.597345 0.295567 0.041790 0.087830
2 0.582596 0.239676 0.034415 0.061215
2 0.562930 0.197091 0.029499 0.050569
2 0.617625 0.225037 0.030728 0.074523
2 0.595501 0.179791 0.030728 0.063877
2 0.622542 0.157168 0.045477 0.066538
2 0.663717 0.143861 0.039331 0.061215
2 0.657571 0.262298 0.049164 0.090492
2 0.686455 0.221045 0.033186 0.071861
2 0.710423 0.195760 0.034415 0.058553
2 0.736234 0.243668 0.031957 0.074523
2 0.649582 0.355452 0.040560 0.090492
2 0.705506 0.288914 0.031957 0.074523
1 0.040896 0.771025 0.052293 0.116139
1 0.040225 0.924909 0.037544 0.081297
1 0.050282 0.980075 0.071065 0.034842
1 0.113972 0.955395 0.056315 0.084201
1 0.165594 0.981327 0.046929 0.037346
1 0.207831 0.961003 0.032180 0.077994
1 0.260794 0.949389 0.081791 0.101222
1 0.320461 0.978424 0.050952 0.043152
1 0.256771 0.862484 0.084473 0.113236
1 0.279566 0.759411 0.038884 0.092911
1 0.179002 0.920554 0.049611 0.101622
1 0.117994 0.872646 0.072405 0.092911
1 0.073746 0.904584 0.018772 0.098718
1 0.054975 0.850870 0.037544 0.095815
1 0.064360 0.785542 0.045589 0.081297
1 0.091848 0.715858 0.049611 0.075490
1 0.133414 0.702793 0.036203 0.101622
1 0.152186 0.740538 0.044248 0.101622
1 0.116653 0.808770 0.058997 0.075490
1 0.201797 0.688275 0.060338 0.084201
1 0.199785 0.753604 0.042907 0.069683
1 0.177662 0.846515 0.060338 0.075490
36 0.592571 0.026316 0.041274 0.040857
36 0.630125 0.044987 0.032202 0.087410
10 0.709497 0.057264 0.116564 0.113928
33 0.836357 0.121594 0.090711 0.083482
33 0.973331 0.143692 0.052612 0.235713
33 0.915049 0.143692 0.056694 0.251427
33 0.840666 0.046460 0.095700 0.051071
33 0.973739 0.307709 0.052522 0.072678
33 0.988752 0.431458 0.019049 0.155177
33 0.972197 0.385788 0.011339 0.063839