9 0.346608 0.274835 0.129794 0.303413
9 0.429204 0.202974 0.115044 0.370484
9 0.361357 0.573458 0.156342 0.453523
9 0.448378 0.773072 0.126844 0.322576
9 0.438791 0.455286 0.072271 0.217180
12 0.597345 0.332324 0.141593 0.341739
12 0.591445 0.448899 0.203540 0.677091
12 0.513274 0.472852 0.085546 0.226762
12 0.721239 0.739537 0.135693 0.312995
12 0.750737 0.421751 0.109145 0.424779
12 0.588496 0.844218 0.212389 0.311564
33 0.932153 0.490419 0.041298 0.255506
33 0.890855 0.713986 0.091445 0.159691
33 0.931416 0.380232 0.125369 0.252312
33 0.954277 0.533535 0.082596 0.194823
33 0.959440 0.677257 0.069322 0.175660