10 0.209440 0.579846 0.115044 0.172467
10 0.232301 0.755506 0.134218 0.217180
10 0.366519 0.803413 0.140118 0.198017
10 0.432891 0.865693 0.007375 0.003194
10 0.308997 0.646916 0.122419 0.172467
10 0.300885 0.522357 0.076696 0.114978
10 0.317109 0.388216 0.106195 0.210792
10 0.401180 0.345099 0.082596 0.156497
10 0.398230 0.488822 0.117994 0.175660
10 0.422566 0.624559 0.107670 0.185242
7 0.564159 0.254075 0.140118 0.191630
7 0.511799 0.386619 0.112094 0.207599
7 0.583333 0.571861 0.113569 0.220374
7 0.650442 0.380232 0.109145 0.233149
7 0.703540 0.573458 0.147493 0.204405
12 0.660029 0.875274 0.207965 0.118172
12 0.662979 0.872081 0.107670 0.252312
12 0.742625 0.921585 0.107670 0.153304
12 0.587758 0.938436 0.101770 0.123128
12 0.622419 0.838545 0.085546 0.121365
8 0.762537 0.389813 0.109145 0.182048
5 0.817847 0.600605 0.048673 0.099009
5 0.850295 0.531938 0.039823 0.089427
5 0.879056 0.591024 0.044248 0.073458
5 0.914454 0.500000 0.047198 0.121365
5 0.952802 0.504791 0.041298 0.092621
5 0.984513 0.496806 0.028024 0.108590
5 0.853245 0.637334 0.042773 0.121365
5 0.842183 0.741134 0.041298 0.111784
5 0.856932 0.835352 0.041298 0.121365
5 0.876106 0.765087 0.058997 0.095815
5 0.902655 0.680451 0.058997 0.099009
5 0.922566 0.584636 0.045723 0.086233
5 0.969764 0.584636 0.045723 0.118172
5 0.952802 0.670870 0.053097 0.124559
5 0.968289 0.768281 0.048673 0.108590
5 0.924041 0.779460 0.051622 0.118172
5 0.899705 0.854515 0.061947 0.108590
5 0.949853 0.857708 0.053097 0.089427
5 0.984513 0.852918 0.030973 0.124559
8 0.291863 0.965137 0.112028 0.069726
9 0.887417 0.956565 0.078385 0.086870
8 0.968507 0.961822 0.062986 0.076356