34 0.247788 0.115859 0.097345 0.231718
34 0.310472 0.059967 0.057522 0.119934
34 0.396018 0.043998 0.128319 0.087996
34 0.391593 0.113547 0.107670 0.108590
34 0.342920 0.202974 0.095870 0.198017
30 0.806047 0.058370 0.066372 0.116740
30 0.563422 0.045595 0.094395 0.091190
30 0.648230 0.071146 0.075221 0.142292
30 0.739676 0.126322 0.107670 0.249118
33 0.959440 0.916079 0.081120 0.167842
33 0.928466 0.541520 0.143068 0.242731
33 0.920354 0.744328 0.159292 0.175660
33 0.810472 0.898513 0.216814 0.202974
33 0.828909 0.576652 0.058997 0.229955
33 0.808997 0.739537 0.084071 0.121365
10 0.632006 0.701211 0.219764 0.396034
36 0.402655 0.603799 0.035398 0.124559
36 0.424377 0.484230 0.083132 0.113236
36 0.439461 0.636663 0.044918 0.142270
36 0.506503 0.770949 0.042237 0.120494
36 0.461250 0.736833 0.037544 0.081297
36 0.489407 0.601095 0.056315 0.114687
36 0.498793 0.684570 0.045589 0.055166
36 0.479351 0.511814 0.044248 0.087104
36 0.404264 0.369543 0.022794 0.087104
36 0.441472 0.416725 0.040896 0.059521
36 0.431416 0.312925 0.031510 0.040649
36 0.446165 0.361559 0.044918 0.065328
36 0.466613 0.273728 0.024135 0.095815
36 0.483709 0.373172 0.039555 0.088556
36 0.513878 0.452292 0.048941 0.078394
36 0.487731 0.432694 0.030169 0.053714
36 0.516224 0.504555 0.061679 0.081297
36 0.560472 0.487134 0.032180 0.081297
36 0.523934 0.389867 0.047600 0.101622
36 0.505497 0.287520 0.056315 0.074039
36 0.530303 0.319458 0.046929 0.042100
36 0.555444 0.287520 0.039555 0.050811
36 0.599356 0.360107 0.048270 0.135012
36 0.568852 0.344864 0.040896 0.075490
36 0.558461 0.415273 0.030839 0.065328
36 0.596340 0.402207 0.044918 0.074039
36 0.618799 0.466810 0.084473 0.090008
36 0.679807 0.479875 0.030839 0.066780
36 0.687852 0.541574 0.063020 0.103073
36 0.669751 0.408740 0.033521 0.084201
36 0.643269 0.367366 0.032851 0.100170