29 0.364044 0.249004 0.182271 0.123506
29 0.375996 0.336653 0.104582 0.135458
29 0.171315 0.290837 0.068725 0.115538
29 0.130976 0.354582 0.089641 0.131474
29 0.092131 0.451195 0.059761 0.117530
29 0.127241 0.538845 0.052291 0.129482
29 0.074950 0.574701 0.121016 0.045817
29 0.157869 0.632470 0.053785 0.109562
29 0.216882 0.665339 0.073207 0.239044
29 0.375249 0.809761 0.150896 0.173307
29 0.349104 0.876494 0.092629 0.115538
29 0.263944 0.883466 0.146414 0.041833
29 0.200448 0.804781 0.076195 0.123506
29 0.241534 0.872510 0.089641 0.087649
29 0.308018 0.672311 0.100100 0.145418
29 0.321464 0.604582 0.180777 0.065737
29 0.227341 0.550797 0.150896 0.093625
29 0.310259 0.488048 0.173307 0.123506
29 0.235558 0.412351 0.155378 0.139442
29 0.190737 0.330677 0.062749 0.131474
29 0.205677 0.205179 0.104582 0.095618
29 0.320717 0.171315 0.095618 0.139442
29 0.402888 0.113546 0.083665 0.183267
29 0.450697 0.094622 0.119522 0.153386
29 0.552291 0.091633 0.101594 0.175299
29 0.613546 0.182271 0.071713 0.133466
29 0.473108 0.230080 0.092629 0.201195
29 0.459661 0.309761 0.113546 0.145418
29 0.399900 0.406375 0.113546 0.155378
29 0.415588 0.465139 0.097112 0.181275
29 0.450697 0.517928 0.083665 0.243028
29 0.445468 0.599602 0.118028 0.179283
29 0.420070 0.672311 0.147908 0.153386
29 0.501494 0.769920 0.176295 0.081673
29 0.520916 0.695219 0.131474 0.083665
29 0.626245 0.656375 0.097112 0.177291
29 0.597859 0.570717 0.124004 0.109562
29 0.547062 0.593625 0.138944 0.135458
29 0.541086 0.502988 0.147908 0.117530
29 0.532869 0.427291 0.110558 0.109562
29 0.553785 0.382470 0.113546 0.123506
29 0.527639 0.345618 0.097112 0.141434
29 0.532869 0.289841 0.062749 0.173307
29 0.614293 0.312749 0.121016 0.175299
29 0.666584 0.369522 0.100100 0.185259
29 0.630727 0.480080 0.112052 0.103586