1 0.427251 0.286225 0.145498 0.143113
1 0.557245 0.317531 0.143113 0.141324
1 0.624031 0.424866 0.138342 0.098390
1 0.274597 0.381038 0.112105 0.093023
1 0.199463 0.434705 0.119261 0.125224
1 0.415325 0.416816 0.116875 0.071556
1 0.522660 0.426655 0.093023 0.101968
1 0.335420 0.475850 0.143113 0.096601
1 0.250745 0.542934 0.112105 0.051878
1 0.305605 0.591234 0.178891 0.098390
1 0.452296 0.498211 0.147883 0.087657
1 0.666965 0.514311 0.100179 0.066190
1 0.556052 0.512522 0.131187 0.087657
1 0.708706 0.579606 0.112105 0.093023
1 0.589445 0.578712 0.145498 0.123435
1 0.720632 0.650268 0.088253 0.105546
1 0.331843 0.673524 0.135957 0.091234
1 0.243590 0.731664 0.126416 0.118068
1 0.344961 0.799642 0.124031 0.110912
1 0.454681 0.811270 0.128801 0.098390
1 0.706321 0.756708 0.083482 0.075134
1 0.631187 0.700358 0.138342 0.109123
1 0.591831 0.790698 0.164580 0.128801
1 0.454681 0.658318 0.128801 0.107335
0 0.051580 0.691413 0.100179 0.119857