1 0.529815 0.075134 0.174120 0.143113
1 0.663387 0.116279 0.183661 0.178891
1 0.296064 0.115385 0.178891 0.152057
1 0.173226 0.183363 0.195587 0.187835
1 0.757603 0.256708 0.152654 0.137746
1 0.482111 0.209302 0.174120 0.125224
1 0.373584 0.262970 0.176506 0.168157
1 0.553667 0.313953 0.159809 0.148479
1 0.638342 0.245975 0.162194 0.087657
1 0.222123 0.358676 0.150268 0.137746
1 0.354502 0.415027 0.252832 0.178891
1 0.199463 0.626118 0.200358 0.178891
1 0.344961 0.726297 0.186047 0.178891
1 0.491652 0.740608 0.169350 0.143113
1 0.688432 0.721825 0.224210 0.177102
1 0.770722 0.624329 0.250447 0.211091
1 0.730173 0.448122 0.207513 0.159213
1 0.872093 0.475850 0.095408 0.114490
1 0.380739 0.553667 0.195587 0.148479
1 0.204234 0.481216 0.190817 0.146691
1 0.562016 0.540250 0.238521 0.139535
1 0.552475 0.429338 0.162194 0.107335