29 0.548556 0.376494 0.171813 0.143426
29 0.635209 0.437251 0.115040 0.137450
29 0.700199 0.382470 0.089641 0.191235
29 0.606076 0.478088 0.104582 0.123506
29 0.588147 0.520916 0.080677 0.197211
29 0.455926 0.440239 0.115040 0.199203
29 0.526145 0.490040 0.091135 0.167331
29 0.653137 0.532869 0.109064 0.125498
29 0.762201 0.417331 0.049303 0.129482
29 0.626245 0.585657 0.046315 0.151394
5 0.742032 0.712151 0.167331 0.428287
5 0.718127 0.720120 0.125498 0.308765
5 0.580677 0.692231 0.110558 0.284861
5 0.577689 0.770916 0.077689 0.235060
5 0.530627 0.758964 0.064243 0.322709
5 0.472361 0.710159 0.070219 0.368526
5 0.437251 0.804781 0.077689 0.354582
5 0.411106 0.725100 0.115040 0.338645
5 0.337898 0.693227 0.118028 0.318725
5 0.290837 0.682271 0.083665 0.149402
5 0.253486 0.804781 0.104582 0.390438
5 0.200448 0.768924 0.088147 0.294821
10 0.055030 0.824701 0.110060 0.139442
10 0.049054 0.692231 0.098108 0.117530
10 0.012201 0.606574 0.001494 0.001992
10 0.098855 0.511952 0.001494 0.000000
10 0.050548 0.570717 0.101096 0.141434
10 0.075697 0.452191 0.107570 0.155378
10 0.191484 0.376494 0.109064 0.107570
10 0.247510 0.371514 0.083665 0.101594
10 0.308765 0.370518 0.101594 0.123506
10 0.272161 0.455179 0.106076 0.097610
10 0.200448 0.474104 0.112052 0.123506
10 0.169821 0.539841 0.137450 0.131474
10 0.129482 0.684263 0.089641 0.173307
30 0.799492 0.125212 0.124365 0.131980
12 0.954949 0.074450 0.090102 0.142132
20 0.139197 0.146203 0.108661 0.056578
20 0.077332 0.186125 0.088039 0.044416
20 0.110446 0.208862 0.101126 0.079315
20 0.151095 0.228955 0.107075 0.045474
20 0.193924 0.170262 0.031726 0.098350