16 0.809258 0.274597 0.122093 0.184258
16 0.657648 0.271020 0.132826 0.191413
16 0.538238 0.275492 0.124776 0.168157
16 0.427549 0.253131 0.118068 0.137746
16 0.318873 0.258497 0.107335 0.134168
16 0.215564 0.266547 0.085868 0.132379
16 0.247764 0.373882 0.107335 0.153846
16 0.361136 0.378354 0.111360 0.173524
16 0.466458 0.389088 0.120751 0.159213
16 0.580501 0.384615 0.118068 0.161002
16 0.716011 0.393560 0.136852 0.193202
16 0.872987 0.409660 0.144902 0.211091
16 0.177326 0.476744 0.114043 0.162791
16 0.282648 0.491950 0.107335 0.161002
16 0.382603 0.516100 0.116726 0.130590
16 0.512746 0.510733 0.124776 0.152057
16 0.636181 0.506261 0.124776 0.161002
16 0.787791 0.536673 0.135510 0.178891
16 0.206843 0.599284 0.116726 0.161002
16 0.320886 0.629696 0.116726 0.164580
16 0.427549 0.651163 0.118068 0.164580
16 0.546959 0.645796 0.126118 0.143113
16 0.682469 0.640429 0.139535 0.196780
16 0.867621 0.683363 0.155635 0.186047
16 0.140429 0.686941 0.107335 0.139535
16 0.237701 0.754919 0.119410 0.178891
16 0.350403 0.797853 0.108676 0.171735
16 0.463104 0.789803 0.127460 0.166369
16 0.587209 0.796959 0.126118 0.169946
16 0.764982 0.837209 0.159660 0.189624
15 0.032648 0.924866 0.065295 0.132379
15 0.111583 0.941860 0.092576 0.116279
15 0.098166 0.897138 0.060376 0.137746
15 0.039132 0.981216 0.052326 0.037567
15 0.026610 0.842576 0.053220 0.050089
15 0.194097 0.906977 0.118068 0.096601
15 0.182692 0.967800 0.049642 0.064400