14 0.459590 0.391292 0.132802 0.076836
14 0.532631 0.419038 0.096756 0.078258
14 0.629387 0.396272 0.104345 0.092487
14 0.670176 0.495874 0.129008 0.120945
14 0.637924 0.587649 0.155568 0.062607
14 0.569626 0.641007 0.151774 0.066875
14 0.482356 0.577689 0.197306 0.096756
14 0.206318 0.481645 0.149877 0.083950
14 0.351451 0.449630 0.098653 0.122368
14 0.410264 0.460302 0.159363 0.086796
14 0.534529 0.483779 0.206792 0.096756
14 0.378960 0.524331 0.100550 0.146557
36 0.966582 0.428088 0.066836 0.253807