1 0.603757 0.339893 0.231366 0.143113
1 0.278175 0.334526 0.152654 0.110912
1 0.144603 0.503578 0.171735 0.155635
1 0.210197 0.423971 0.174120 0.085868
1 0.381932 0.474061 0.197973 0.125224
1 0.657424 0.448122 0.171735 0.098390
1 0.416518 0.374776 0.271914 0.112701
1 0.717054 0.531306 0.176506 0.107335
1 0.705128 0.682469 0.195587 0.162791
1 0.439177 0.682469 0.202743 0.173524
1 0.228086 0.651163 0.195587 0.193202
1 0.275790 0.535778 0.104949 0.091234
1 0.516696 0.512522 0.181276 0.130590
1 0.385510 0.579606 0.190817 0.093023