15 0.820053 0.159363 0.050465 0.087649
15 0.926295 0.119522 0.066401 0.059761
15 0.970120 0.105578 0.031873 0.051793
15 0.940903 0.158367 0.079681 0.061753
15 0.940903 0.226096 0.090305 0.069721
15 0.897078 0.293825 0.114210 0.053785
15 0.850598 0.254980 0.090305 0.083665
15 0.889110 0.192231 0.092961 0.065737
15 0.743028 0.144422 0.092961 0.057769
15 0.708499 0.203187 0.098274 0.059761
15 0.717795 0.253984 0.090305 0.077689
15 0.788181 0.305777 0.103586 0.089641
15 0.676627 0.314741 0.071713 0.083665
15 0.610226 0.219124 0.103586 0.059761
15 0.571713 0.235060 0.069057 0.055777
15 0.594290 0.263944 0.050465 0.045817
15 0.550465 0.281873 0.100930 0.045817
15 0.466799 0.287849 0.087649 0.049801
15 0.422975 0.259960 0.100930 0.057769
15 0.356574 0.282869 0.127490 0.071713
15 0.274236 0.315737 0.138114 0.053785
15 0.142762 0.332669 0.077025 0.043825
15 0.181275 0.356574 0.090305 0.071713
15 0.237052 0.366534 0.084993 0.055777
15 0.328685 0.345618 0.130146 0.065737
15 0.437583 0.330677 0.114210 0.063745
15 0.554449 0.315737 0.119522 0.057769
15 0.557105 0.359562 0.098274 0.077689
15 0.438911 0.374502 0.122178 0.083665
15 0.567729 0.429283 0.135458 0.085657
15 0.623506 0.416335 0.071713 0.059761
15 0.679283 0.410359 0.114210 0.063745
15 0.655378 0.458167 0.082337 0.063745
15 0.432271 0.457171 0.188579 0.101594
15 0.333997 0.416335 0.140770 0.067729
15 0.233068 0.434263 0.114210 0.091633
15 0.142762 0.421315 0.082337 0.073705
15 0.108234 0.489044 0.124834 0.061753
15 0.202523 0.509960 0.175299 0.111554
15 0.316733 0.522908 0.100930 0.081673
15 0.399070 0.560757 0.217795 0.117530
15 0.559761 0.508964 0.103586 0.121514
15 0.628818 0.532869 0.151394 0.121514
15 0.733732 0.567729 0.127490 0.095618
15 0.652722 0.636454 0.167331 0.089641
15 0.555777 0.589641 0.111554 0.091633
15 0.433599 0.656375 0.138114 0.133466
15 0.546481 0.696215 0.193891 0.109562
15 0.644754 0.743028 0.135458 0.111554
15 0.762948 0.730080 0.127490 0.137450
15 0.833333 0.803785 0.146082 0.105578
15 0.712483 0.836653 0.116866 0.131474
15 0.579681 0.870518 0.116866 0.127490
15 0.506640 0.797809 0.172643 0.109562
15 0.365870 0.770916 0.162019 0.119522
15 0.310093 0.851594 0.162019 0.125498
15 0.272908 0.930279 0.156707 0.083665
15 0.405710 0.884462 0.162019 0.107570
15 0.101262 0.941235 0.202523 0.109562
15 0.166667 0.868526 0.215139 0.083665
15 0.179947 0.777888 0.268260 0.109562
15 0.217131 0.689243 0.231076 0.143426
15 0.316733 0.597610 0.196547 0.119522
15 0.170651 0.600598 0.164675 0.081673