29 0.440986 0.484064 0.318227 0.501992
29 0.633715 0.308765 0.264442 0.294821
29 0.739044 0.110558 0.152390 0.221116
29 0.394671 0.093625 0.327191 0.187250
29 0.122261 0.097610 0.244522 0.187251
29 0.248257 0.426295 0.201693 0.354582
29 0.319223 0.637450 0.086653 0.151394
29 0.367032 0.777888 0.125498 0.332669
29 0.478337 0.795817 0.168825 0.352590
29 0.216882 0.813745 0.261454 0.161355
29 0.251992 0.917331 0.206175 0.165338
29 0.063994 0.627490 0.127988 0.231076
29 0.061753 0.376494 0.123506 0.250996
29 0.122261 0.202191 0.244522 0.193227
29 0.122759 0.387450 0.118028 0.229084
29 0.450697 0.288845 0.227092 0.282869
29 0.298307 0.282869 0.077689 0.330677
29 0.768924 0.520916 0.412351 0.169323
29 0.700946 0.698207 0.246514 0.185259
29 0.818974 0.636454 0.168825 0.185259
29 0.883964 0.632470 0.185259 0.256972
29 0.861554 0.368526 0.256972 0.219124
29 0.919572 0.247012 0.160856 0.179283
29 0.868277 0.062749 0.189741 0.125498
29 0.868277 0.148406 0.097112 0.129482