9 0.260209 0.327689 0.121016 0.157371
9 0.379731 0.325697 0.094124 0.137450
9 0.191484 0.180279 0.141932 0.157371
9 0.127988 0.271912 0.137450 0.141434
9 0.064492 0.302789 0.070219 0.107570
9 0.092131 0.394422 0.122510 0.167331
9 0.194472 0.434263 0.162849 0.135458
9 0.193725 0.301793 0.071713 0.081673
9 0.195966 0.549801 0.109064 0.143426
9 0.097361 0.516932 0.115040 0.117530
9 0.307271 0.581673 0.158367 0.155378
9 0.252739 0.688247 0.112052 0.113546
9 0.384960 0.704183 0.122510 0.157371
9 0.415588 0.578685 0.094124 0.105578
9 0.322958 0.426295 0.088147 0.107570
9 0.420817 0.462151 0.101594 0.167331
9 0.514193 0.474104 0.094124 0.119522
9 0.443227 0.351594 0.047809 0.065737
9 0.443974 0.263944 0.097112 0.093625
9 0.364791 0.221116 0.094124 0.103586
9 0.290090 0.231076 0.121016 0.091633
9 0.674801 0.493028 0.083665 0.069721
9 0.610558 0.577689 0.059761 0.159363
9 0.572460 0.552789 0.073207 0.085657
9 0.516434 0.588645 0.050797 0.065737
9 0.495518 0.635458 0.065737 0.087649
9 0.518675 0.722112 0.085159 0.081673
9 0.532122 0.797809 0.100100 0.105578
9 0.544074 0.907371 0.079183 0.121514
9 0.505229 0.923307 0.141932 0.153386
9 0.644920 0.838645 0.140438 0.083665
9 0.631474 0.765936 0.074701 0.085657
9 0.577689 0.705179 0.098606 0.087649
9 0.683018 0.606574 0.124004 0.097610
9 0.672560 0.711155 0.076195 0.151394
9 0.764442 0.815737 0.110558 0.101594
9 0.792082 0.620518 0.150896 0.085657
9 0.745020 0.533865 0.074701 0.091633
9 0.727839 0.451195 0.064243 0.081673
9 0.795817 0.466135 0.050797 0.079681
9 0.877241 0.627490 0.079183 0.087649
9 0.887699 0.699203 0.091135 0.135458
9 0.854084 0.724104 0.074701 0.133466
9 0.875000 0.867530 0.128486 0.189243
9 0.922809 0.824701 0.110558 0.103586
9 0.979333 0.956175 0.041334 0.087649
9 0.732321 0.893426 0.115040 0.201195
9 0.621763 0.951195 0.126992 0.097610
9 0.806275 0.721116 0.083665 0.175299
9 0.750249 0.682271 0.106076 0.065737
9 0.720369 0.741036 0.049303 0.127490
9 0.924303 0.538845 0.074701 0.085657
9 0.807769 0.543825 0.098606 0.079681
9 0.920568 0.628486 0.097112 0.093625
9 0.112854 0.618202 0.080674 0.102731
9 0.048495 0.667150 0.093365 0.062847
9 0.091099 0.717307 0.113307 0.064056
9 0.083394 0.810370 0.161349 0.112400
9 0.085207 0.927000 0.101523 0.116026
9 0.240210 0.835146 0.088832 0.111192
9 0.331762 0.849650 0.065265 0.118443
9 0.265138 0.934494 0.098803 0.131012
9 0.045776 0.626662 0.082487 0.119652
9 0.387509 0.908871 0.075236 0.178874
9 0.343093 0.966522 0.095178 0.066956
9 0.141860 0.952623 0.189449 0.094754
9 0.036258 0.936669 0.063452 0.118443