38 0.798805 0.291833 0.170319 0.117530
38 0.921813 0.318725 0.156374 0.099602
38 0.966633 0.423307 0.066733 0.201195
38 0.921315 0.527888 0.119522 0.139442
38 0.900398 0.402390 0.140438 0.211155
38 0.724851 0.305777 0.112052 0.105578
38 0.803287 0.379482 0.107570 0.101594
4 0.347610 0.549801 0.083665 0.083665
4 0.389442 0.631474 0.080677 0.127490
4 0.417829 0.703187 0.071713 0.083665
4 0.470867 0.657371 0.076195 0.119522
4 0.462649 0.782869 0.077689 0.079681
4 0.417082 0.799801 0.058267 0.057769
4 0.456673 0.867530 0.053785 0.105578
4 0.313247 0.719124 0.059761 0.107570
4 0.558267 0.853586 0.110558 0.109562
4 0.558267 0.721116 0.107570 0.147410
4 0.569472 0.585657 0.100100 0.151394
4 0.497012 0.517928 0.062749 0.115538
4 0.456673 0.572709 0.077689 0.093625
4 0.567231 0.438247 0.089641 0.115538
4 0.491036 0.441235 0.071713 0.085657
4 0.668078 0.571713 0.088147 0.107570
4 0.676295 0.439243 0.080677 0.117530
4 0.615787 0.352590 0.085159 0.079681
4 0.723357 0.537849 0.061255 0.115538
4 0.700199 0.606574 0.074701 0.093625
4 0.672560 0.670319 0.076195 0.113546
4 0.635209 0.752988 0.073207 0.111554
4 0.736803 0.688247 0.070219 0.081673
4 0.697958 0.752988 0.064243 0.087649
4 0.760707 0.557769 0.058267 0.107570
4 0.768177 0.640438 0.055279 0.049801
4 0.810010 0.580677 0.037351 0.069721
4 0.760707 0.441235 0.070219 0.085657
33 0.929283 0.838645 0.141434 0.155378
33 0.800299 0.904382 0.212151 0.151394
33 0.733815 0.970120 0.192729 0.059760
33 0.922062 0.936255 0.147908 0.115538
36 0.065986 0.453187 0.106076 0.169323
36 0.109313 0.519920 0.076195 0.151394
36 0.150398 0.431275 0.089641 0.129482
36 0.187749 0.528884 0.104582 0.133466
36 0.136952 0.315737 0.167331 0.121514
36 0.202689 0.216135 0.122510 0.097610
36 0.297560 0.146414 0.124004 0.117530
36 0.393177 0.198207 0.112052 0.097610
36 0.472361 0.267928 0.115040 0.121514
36 0.414094 0.357570 0.192729 0.085657
36 0.350598 0.453187 0.209163 0.085657
36 0.278137 0.540837 0.100100 0.097610
36 0.221365 0.299801 0.082171 0.097610
36 0.281873 0.210159 0.113546 0.125498
36 0.368526 0.278884 0.146414 0.155378
36 0.272908 0.368526 0.179283 0.155378
37 0.080926 0.100598 0.073207 0.057769
37 0.032620 0.143426 0.065239 0.079681
37 0.071962 0.155378 0.079183 0.119522
37 0.145169 0.082669 0.085159 0.089641
37 0.228088 0.084661 0.101594 0.069721
37 0.128735 0.128486 0.091135 0.041833
37 0.027141 0.260956 0.043327 0.107570