1 0.668157 0.311270 0.159809 0.157424
1 0.520274 0.257603 0.159809 0.164580
1 0.343769 0.348837 0.155039 0.107335
1 0.235242 0.410555 0.128801 0.155635
1 0.294872 0.534884 0.181276 0.103757
1 0.329457 0.648479 0.207513 0.141324
1 0.404592 0.714669 0.214669 0.119857
1 0.393858 0.480322 0.150268 0.119857
1 0.504770 0.412343 0.143113 0.098390
1 0.421288 0.375671 0.104949 0.082290
1 0.742099 0.432021 0.164580 0.123435
1 0.624031 0.440966 0.143113 0.101968
1 0.745677 0.576029 0.157424 0.139535
1 0.562016 0.626118 0.171735 0.128801
1 0.541741 0.501789 0.145498 0.087657
1 0.659809 0.618068 0.119261 0.073345
1 0.480918 0.582290 0.209899 0.105546
1 0.726595 0.810376 0.004770 0.000000
0 0.037716 0.701252 0.075432 0.121646