1 0.528623 0.307692 0.248062 0.186047
1 0.635957 0.404293 0.200358 0.125224
1 0.763566 0.464222 0.159809 0.166369
1 0.362850 0.436494 0.221825 0.182469
1 0.175611 0.415027 0.214669 0.121646
1 0.163685 0.535778 0.200358 0.137746
1 0.174419 0.657424 0.207513 0.166369
1 0.342576 0.629696 0.166965 0.121646
1 0.420095 0.541145 0.217054 0.169946
1 0.585868 0.515206 0.171735 0.178891
1 0.872093 0.627013 0.171735 0.187835
1 0.692010 0.629696 0.150268 0.164580
1 0.495230 0.659213 0.186047 0.098390
1 0.390280 0.769231 0.286225 0.157424
1 0.638342 0.733453 0.238521 0.211091