1 0.640727 0.247764 0.214669 0.212880
1 0.433214 0.221825 0.209899 0.221825
1 0.278175 0.388193 0.171735 0.139535
1 0.408169 0.389088 0.140727 0.119857
1 0.478533 0.444544 0.166965 0.116279
1 0.782648 0.415921 0.178891 0.191413
1 0.567979 0.356887 0.140727 0.101968
1 0.628801 0.436494 0.124031 0.135957
1 0.213775 0.500894 0.186047 0.153846
1 0.356887 0.476744 0.124031 0.098390
1 0.390280 0.559034 0.181276 0.137746
1 0.334228 0.641324 0.178891 0.116279
1 0.567979 0.551878 0.212284 0.152057
1 0.726595 0.538462 0.171735 0.118068
1 0.863745 0.518784 0.135957 0.128801
1 0.415325 0.735242 0.245677 0.171735
1 0.916219 0.669052 0.159809 0.203936
1 0.768336 0.666369 0.193202 0.191413
1 0.606142 0.673524 0.197973 0.134168
1 0.644305 0.805009 0.202743 0.164580
1 0.872838 0.820215 0.254323 0.116279
1 0.800537 0.882826 0.333930 0.152057
1 0.392665 0.862254 0.147883 0.139535
1 0.538163 0.915027 0.143113 0.109123
1 0.497615 0.809481 0.157424 0.105546
1 0.172033 0.859571 0.007156 0.005367