0 0.054283 0.668327 0.108566 0.117530
0 0.083914 0.767928 0.106076 0.117530
0 0.028137 0.760956 0.056274 0.163347
0 0.101843 0.559761 0.109064 0.127490
0 0.127988 0.684263 0.068725 0.085657
0 0.169821 0.761952 0.116534 0.157371
0 0.232570 0.779880 0.050797 0.073705
0 0.300548 0.802789 0.076195 0.087649
0 0.331175 0.875498 0.098606 0.145418
0 0.384213 0.796813 0.076195 0.159363
0 0.324452 0.705179 0.079183 0.135458
0 0.316235 0.645418 0.065737 0.079681
0 0.231076 0.656375 0.113546 0.125498
0 0.175050 0.600598 0.085159 0.073705
0 0.148157 0.485060 0.073207 0.073705
0 0.114542 0.414343 0.062749 0.083665
0 0.214641 0.520916 0.068725 0.101594
0 0.278137 0.553785 0.100100 0.099602
0 0.343127 0.473108 0.098606 0.097610
0 0.378984 0.527888 0.050797 0.067729
0 0.269920 0.463147 0.080677 0.101594
0 0.263944 0.379482 0.071713 0.093625
0 0.216135 0.341633 0.065737 0.073705
0 0.329681 0.362550 0.047809 0.055777
0 0.327440 0.284861 0.046315 0.043825
0 0.303536 0.245020 0.067231 0.051793
0 0.370020 0.412351 0.086653 0.075697
0 0.449950 0.496016 0.100100 0.123506
0 0.412600 0.602590 0.052291 0.073705
0 0.391683 0.691235 0.085159 0.127490
0 0.434263 0.727092 0.053785 0.083665
0 0.462649 0.817729 0.074701 0.149402
0 0.579930 0.858566 0.112052 0.147410
0 0.541086 0.713147 0.109064 0.127490
0 0.553038 0.625498 0.073207 0.139442
0 0.485060 0.663347 0.134462 0.095618
0 0.495518 0.558765 0.050797 0.077689
0 0.544074 0.436255 0.100100 0.135458
0 0.451444 0.380478 0.073207 0.111554
0 0.387201 0.323705 0.085159 0.085657
0 0.478337 0.276892 0.076195 0.087649
0 0.388695 0.248008 0.052291 0.061753
0 0.393924 0.180279 0.050797 0.089641
0 0.448456 0.175299 0.061255 0.079681
0 0.500747 0.193227 0.058267 0.071713
0 0.504482 0.119522 0.056773 0.079681
0 0.533616 0.080677 0.043327 0.041833
0 0.553785 0.127490 0.056773 0.039841
0 0.542580 0.201195 0.070219 0.099602
0 0.622510 0.185259 0.086653 0.103586
0 0.634462 0.080677 0.086653 0.057769
0 0.596365 0.030876 0.085159 0.061752
0 0.688247 0.238048 0.074701 0.077689
0 0.656125 0.288845 0.055279 0.079681
0 0.740538 0.272908 0.083665 0.091633
0 0.697958 0.398406 0.070219 0.099602
0 0.647908 0.509960 0.098606 0.103586
0 0.742032 0.486056 0.056773 0.099602
0 0.802540 0.443227 0.064243 0.089641
0 0.781624 0.565737 0.058267 0.103586
0 0.889940 0.531873 0.095618 0.099602
0 0.885458 0.657371 0.098606 0.099602
0 0.907869 0.765936 0.065737 0.117530
0 0.980827 0.826693 0.038346 0.143426
0 0.840637 0.829681 0.098606 0.105578
0 0.784612 0.747012 0.067231 0.107570
0 0.762948 0.834661 0.065737 0.091633
0 0.695717 0.755976 0.113546 0.133466